3
3
5
5
7
11
11
13
17
23
31
41
61
67
89
151
241
331
353
397
661
683
881
1321
2113
2971
3191
3301
7393
8581
20857
61681
109121
148721
201961
312709
599479
4327489
14736481
48912491
415365721
1761345169
2931542417
3404676001
4562284561
98618273953
391249826881
415878438361
514210163281
3630105520141
11035465708081
12127627350301
13379250952981
2252127523412251
2546717317681681
2048568835297380486760231
649817602852289358605542163521
408366574882937448121335727135953165832656645121
