3
3
3
5
7
13
17
19
19
37
73
109
229
241
433
457
571
1217
25309
32377
38737
90289
131101
148961
160969
174763
524287
525313
1212847
4598533
5675149
12407761
39291697
93507247
160465489
9036489073
275415303169
24517014940753
99463730244517
3042645634792541312037847
41435606371227835355919073
29034057164920993379000074993
19177458387940268116349766612211
1953842221288628908086845073520488081169
457594960770549429307629032418129101663403981811478872737381767947890503575214058529
