3
3
5
5
7
11
13
31
41
47
61
139
151
277
331
461
691
1013
1321
1381
1657
5981
14951
30269
178481
2796203
4036961
15096281
475904041
1021622741
1884103651
7834788541
124398214921
168749965921
2236879829941
5415624023749
9426998044141
10052678938039
70334392823809
345767385170491
2646507710984041
101545005972588481
4687500019013509441
359006912765190408181
9092066631772024419721
74078343132499989110265409250618045323263715522281571
162383614111595675973306320509614573241829932932497191
