3
3
3
7
7
19
23
43
67
73
89
127
199
337
463
617
683
5347
5419
14323
20857
78233
92737
153649
599479
649657
289511839
33057806959
35532364099
77158673929
242099935645987
2868251407519807
581283643249112959
70180796165277040349245703851057
4982397651178256151338302204762057
3225949575089611556532995773813585269068981944367719218489696982054779837928902323497
2091671735412778357621761066865852219937389830607486842752574128957931215851033988599835291357560503915249721
