3
3
5
7
13
17
59
97
233
241
257
349
673
929
1103
2089
4177
5569
8353
29581
59393
75169
82129
3033169
39594977
107367629
536903681
1185335329
27920807689
2175937261441
3945720769057
9857737155463
10389476529713761
22170214192500421
96076791871613611
43420756732422994369
59372021171164475019217
565288195624678452623377
82280195167144119832390568177
247716071005295731527406385377
88680248192444116328410956507627743304659592961
15694604006012505869851221169365594050637743819041
