3
5
5
5
11
17
29
31
41
43
71
101
113
127
251
281
401
601
701
1051
1801
2801
4051
8101
39551
61681
86171
110251
122921
268501
340801
2787601
7416361
15790321
47392381
60816001
3173389601
347833278451
34010032331525251
535347624791488552837151
84179842077657862011867889681
2430065924693517198550322751963101
1038213793447841940908293355871461401
1114513219367157067542813609361306957257890531134775327875067038594481393220804051366788787128409731513666376851495151281817670381468528387601
