3
3
5
7
13
17
241
709
1181
1889
2833
3541
11329
12037
13099
31153
37171
84961
157649
174877
179951
184081
5397793
5521693
94789873
765373489
1824726041
27989941729
104399276341
3203431780337
4453762543897
20847858316750657
1898685496465999273
9213624084535989031
2995240087117909078735942093
95646885844433203176775508160481
4667813439458532797392797231517680422795032583489
529017545747015279933103879035861428823462055854778144142045628738544760436707853901773412177902385578952241
