3
3
5
7
7
13
29
43
103
113
127
137
239
307
337
409
953
1429
2143
2381
2857
3061
4999
5419
6529
9521
11119
12853
13669
14449
20231
26317
42841
43691
45697
131071
428401
823481
107445577
823679683
1326700741
62983048367
131105292137
536296539263941
2428880150373517
143162553165560959297
245262248913715001137177
18292898984156916156396101
8889432124593512497963252165417
12562964493698187345650859965638093
16626056552365093538112370746362015693271895976713
11075231221618592513745760466207434363249588723425331
