3
11
11
23
31
89
131
683
881
2003
2731
2971
3191
8191
201961
409891
519091
724153
7623851
48912491
6156182033
10425285443
158822951431
176510711521
15500487753323
145295143558111
166850044395914881
249602191565465311
598887853030285391
5782172113400990737
6918033884710380409642384916290854761
20305423994910298448548284000861306574034631186781563199169583489977779841
40437156024702109576962112690515640573348784018939257192870865875822732631168387328482154414164150624064713711
