3
3
3
5
5
7
11
13
17
19
31
37
41
61
73
97
109
151
181
193
241
257
331
433
577
631
673
1153
1321
6337
23041
23311
37441
38737
54001
61681
65537
414721
8369281
18837001
22253377
29247661
170251201
394783681
4278255361
4562284561
38941695937
46908728641
168692292721
278452876033
487824887233
44479210368001
469775495062434961
322029272318997936286081
14768784307009061644318236958041601
750016890283777055704738227247474485366338380663681
19194878188585855612908061936944281464039294965346491767953330250249208842371201
