3
11
31
59
233
251
601
1103
1451
1801
2089
4051
3033169
7553921
448477751
372933190718801
49461103762004289880601
999802854724715300883845411
245573800535260692993906074551
177457540153273192963355393450351
1161722671658351672809136367089201
1576422053186621557751857821413401
2679895157783862814690027494144991
3306918468362395868346324514646813146301551
56567687035285545626766259407689093973050946051397638001
79400694418664331852968752783562533762348560846718294611714451
