3
3
5
7
13
23
67
89
397
683
727
1453
2113
2179
3389
8713
11617
20857
91961
117371
312709
599479
4327489
7593961
4124265157
75824014993
19488182484739
104944826588233689949
4036962584010807014809213
11054184582797800455736061107
223540264781383872500771701813
1786393878363164227858270210279
1339272539833668386958920468400193
335694389427634954071771421573041823051433281
39699266645852731908271396177298928124355765422009
1738502092044173121499583458013490915589937680491236830672222029889
