3
5
17
29
43
53
113
127
157
257
911
1093
1093
1613
2731
4733
5153
8191
145601
224771
858001
1210483
9828001
15790321
112901153
308761441
23140471537
25829691707
54410972897
32038310825249
593914915675537
8861085190774909
556338525912325157
78919881726271091143763623681
889699724270954868382634043341555740249741984247578510445178451442481793
5415910767012636547867388209787026949104914143929346048059994945283395231628287670927219791061714361807641818081009531033919139461833139839103139969
