3
3
5
7
13
17
241
367
733
977
1709
55633
3456749
5080081
37831175201
368140581013
667055378149
4209508589941
12836737570021
19125556519918081
768614336404564651
2305843009213693951
4889940029309876547089
414194958733796530899181
37201708625305146303973352041
1772303994379887829769795077302561451
9200725871078697500072796227876997617
3316048252617817473998709090568674582040004666067355247385660504830270394645603509188150261871042259771904556488964120793463810970755609202192401
