3
3
7
7
7
11
31
43
71
127
151
211
281
331
337
491
1471
5419
5881
29191
41161
86171
106681
122921
152041
664441
748819
1564921
4163041
20147473081
2340389488711
4363953127297
4432676798593
27653710336343911
15162868758218274451
26032885845392093851
2741672362528725535068727
50647282035796125885000330641
252359902034571016856214298851708529738525821631
631430922992211190033830999202698905758039480236241
23618256244840618857212522155851714598259422753496906641681177748710460515038403366198473773770441
