3
5
17
257
283
2351
3761
4513
65537
3308801
3853249
4087873
13264529
1198107457
7484047069
23592342593
165768537521
140737471578113
4501946625921233
4810716907835700161
181352306852476069537
487073399939357470433
163875530636702837695009
2673989784183378728255297
220079330589145989807908723201
18380739748153493606851394402571544886238231028848674833574643782981208300278380703425147346468076075721958855406956463958188224018210196198408516852367684522740110117809927476441738782109460888577
