3
11
31
1511
18121
54361
55871
165799
2332951
28992001
33673001
15073467791
18717738334417
204764382884291
286621334502631
7289088383388253664437433
50834050824100779677306460621499
555421679837145268212070983375392330541284811953200167359989088672931427983485190829495630906006335018480415119982416170421806575620947278998023521
328072276230889358448027953221980436262168120353513572759840688545196891029191248042929160470148166585712396327021195979665016800003665048846477940552001
