3
3
3
3
5
7
7
13
17
19
29
37
43
73
109
113
127
241
337
379
433
757
1009
1429
3361
5419
14449
21169
38737
87211
92737
119827
246241
262657
279073
649657
1560007
2627857
15790321
33975937
269389009
40388473189
77158673929
88959882481
118750098349
127391413339
56202143607667
138991501037953
1475204679190128571777
207617485544258392970753527
456376431053626339473533320957
304832756195865229284807891468769
11090678776644650055694088523425795586203361311764318182599803923899631942581652348333375976005940128167183976157610535442930728961
