3
3
5
7
13
509
2287
3049
15241
18797
26417
349759
72118729
124347733
140385293
2792688414613
8988357880501
118996959723157
198168459411337
38257184231365987
64502434019215168363033
90133566917913517709497
2333058913172380761753692385973
56713727820156410577229101238628035243
170141183460469231731687303715884105727
82723179283707558079607521798312521771184766697594996913
146077849095258012979038455861030312917057687842761187789973177
339212878596211796110770323541353281494127285320354524672773903
