3
5
17
383
3821
25212001
827467009
5972216269
7068569257
39940132241
89618875387061
332584516519201
87274497124602996457
1833085153842665442652283234165143433597
20844252715379252090938485003447004944677
264476244523458034906978299417485309897059948654792106081
1046183622564446793972631570534611069350392574077339085483
2695155945030251018331662354179230226777032634005050325012294828756577662449
9677128542624441245658798058850378172919934417075002277675884548662430238185840815294881
