3
5
4597
13789
1440847
111650629
7435494593
2109242532781
42937449997563729850241
1351710731785981752792617
5609122817914313723820539
8393898953873011112551573
503823044204581129045587727
16061334643074106562902609963477
15174923558680812616818436353130417
240522700235167893496900256599634325263
1127502011747036253554384419165224253518771590460361
866140553743041477859225887851118773868045256339779536563782349481
796732921351689778028429514802841413308490080221880165043342071066639149
