3
3
5
7
13
17
97
193
241
257
641
673
769
65537
274177
6700417
22253377
67280421310721
1238926361552897
59649589127497217
212780015855109121
18446744069414584321
5704689200685129054721
2220842644284984664160257
349621839326921795694385454593
442499826945303593556473164314770689
331192380488114152600457428497953408512758882817
1796602923899342630768062019504577056782884736988571649
15792724263844537541687696487243145996331687410280236686337
93461639715357977769163558199606896584051237541638188580280321
