3
5
5
11
11
23
29
31
41
43
71
89
113
127
281
397
617
683
881
2113
2971
3191
8317
55441
78233
86171
122921
201961
7416361
47392381
48912491
219980531
869467061
3019242689
35532364099
415878438361
1971764055031
3630105520141
76096559910757
581283643249112959
182307072098294717589401
1423566881825006865551221
2335928204292656509957961
4362989211422861340320935785851
1276130308645500829341614664372811
31055341681190444478126719755965134571151473925765532041
4123799501879742337097171753935219884236636973702835509033461793103634521
