3
5
17
773
3089
6563
148997
13821503
35679139
1871670769
7455099975844049
43464340002838801
14402030644704405877
635283689603233836449
1280761337388845898643
61654440233248340616559
14732265321145317331353282383
378791300027089635677652285973
25564774360363212740382247547878573
61138085212831760012082560001130966245067663049594184076112874904437731971413080237731822785297556226950049
549873523668118577504601957547999788537718594363011696271056090810240431165340996821495982645266237407686209
