3
5
17
257
389
971
1553
3881
4657
5821
11447
31817
782209
25507121
3555339061
4959325597
372454540993
394563864677
2125457487809
17637260034881
1100876018364883721
20468009784290989308737
13842607235828485645766393
274544401673356635075368632379880469997576189095365919517662917268897
1453877963178138896046426642058339479766721357185952218845250161520480654019427312503941108372323925802584001
444433511677136809473389020326032900389981845198866371642512028966604985027148489582655667389511571975495797793
