3
3
5
5
7
11
13
13
17
31
41
53
61
79
131
151
157
241
313
331
521
1249
1321
1613
2341
2731
3121
8191
21841
42641
51481
61681
107251
121369
409891
468781
858001
1928161
5746001
7623851
22366891
34110701
308761441
723447661
2400573761
4562284561
65427463921
108140989558681
145295143558111
8925278993793241
571403921126076957182161
720453772427518446437641
173308343918874810521923841
84159375948762099254554456081
134304196845099262572814573351
166668825096179161138307580471434399036535876481
115424541509559516007257259482871014508610507896523636650120081
