3
3
5
7
13
263
787
1049
12577
14149
33013
39301
342697
1994869
4744297
36093121
51118297
58352641
269665073
642811237
1865269177
2745098189
810791440841
2203107506077035781
12450751815271172041
308544695409769427309
726143484017702822117388229
182331128681207781784391813611
7237497065445543055003057643920459
148872056543513628821642952172163869
10350794431055162386718619237468234569
60248391245337620758268807423625926689
433685074806886298028919267117655888254843
9833304614455302578430964280893955512223415028355534287
