3
3
3
5
7
13
17
19
23
37
67
73
89
97
109
199
241
257
353
397
433
577
673
683
2113
3169
5347
7393
20857
38737
42373
153649
229153
235621
312709
599479
3665377
4327489
12925441
52386049
119782433
1761345169
2931542417
33057806959
43872038849
98618273953
311712063697
487824887233
8463901912489
15975607282273
242099935645987
16875081675650881
86945388997210442828259494992321
5669586229480120735856356719714111819572775485914444634179633
396913655404586124219166315651476045073615078493534114528591599843676236669737324609162670010955054250884136781265538753
