3
2731
4759
8191
31721
50753
145211798447
579981948313
768614336404564651
2305843009213693951
2864285210191809465583254126794859170149406203
557462996944863661915154471811685102632550568013283044249936559839102852607
389157047144542786356242878852084206436126657867637000570231660292312173927353250030896497368585866529660886217
56905880427373169201499976170437541797338816584175809062906226358981411068873634972715040384405833751496299518762064272080124595726187987720746674233916174631450950489
