3
5
2383
6353
11117
13499
14293
25409
50023
53993
202471
321571
476401
5877983
6312301
17414009
70290725429
814132872808522587940886856743
1234904213576000272542841146073
6597485910270326519900042655193
296904314911204768361866863639017
278250615653964496453789380561052231353575125393909944975170902735006837
2987700923630097562980586992334019407474107496457911519874033978814696991281878568281932889979331
140802255493437183965016513476342857498987739064421026383093570744323715776883281154418997937889133627153
