3
875107
2006858753
54573369937
104757762864135516671
747609928190821086986322983
105670649433473243107529297593
21023711323746974956423747989180911
2896793131110864597734842177399739433374955784567182457
3716911716373158932595690775277458436562439413950537497
721081346319803014103048601140804555897014469307122160867977
1595588224457046357344143800204398382349005665658548987812122020808607097989052163601
1120993897358460578404490502184135771743858065308635982721119473885677535372544659994092289
