3
5
5
5
11
17
31
41
101
251
257
401
601
641
1601
1801
4051
8101
25601
61681
65537
268501
340801
414721
2787601
3602561
6700417
82471201
3173389601
4278255361
44479210368001
3399426377632056001
4850484222084371979240001
94455684953484563055991838558081
432363203127002885506543172618401
129541188208935646963818844716591986208974410651257601
4562440617622195218641171605700291324893228507245438182028876525667893569978884220200164213174708564614819073524051430593575108653369734599711524539830696967835492067505764898670589213094707201
