3
3
3
7
19
73
179
3739
4273
264331
3344977
62020897
78903841
16960539007
28753302853087
1790799748670521
18584774046020617
3441291221723107683457
138732415594618114488007
618970019642690137449562111
24124332437713924084267316537353
2326974010504075618187561564812777
36045123652756854086648245551969409
7993364465170792998716337691033251350895453313
23487972660406446845443784560326651656336761292054169703452672484634641
30090318422649098367345674833710002220724133734552919910024822514556417922274484220646526249355067
