3
5
3209
18885983617
856971565399
3222399621281
424258268183989
2136958965524920285681
3178641606717935496778334833
92360729436871230193379118006301
594538100848945223169882301931953
24789994689980013078275217373572023257787
1156776348417160383928286284678419338772193
241464003466457649643192743843386611194754374657421
4743358775443804666040010704534780418840545962266329593
50413349061344713980656933915442680983935004502502523729
1081488206343947274654532091005268361079592482895866808308827124178709769
