3
3
5
7
13
17
241
269
1609
2011
3217
9649
10453
22111
75041
132661
192961
6324667
7327657
15152453
42875177
193707721
209898673
214473433
2559066073
71848008781
175132692529
761838257287
6713103182899
6925799047681
9739278030221
333808138537249
29493338799546784993
59151549118532676874448563
133304540580175280319733184641
15704900959651293774270521395753
87449423397425857942678833145441
1113767094422199900605896348724787045161997478687751948513969
163309771760986620014536331036091658009630202169109324871656084993557377301963746856626689
