3
5
17
257
809
203617
9491060093
5218735279937
7432339208719
600503817460697
341117531003194129
53425037363873248657
4126631533969610752526181761
845100400152152934331135470251
588943501843708599443948572545716455743917429442946085514657968934735722314417529833656361841
32620404246349567567897263943156917575014962009583386575598243505724144849756240306689448243365388666399871497353989473029054247006210914150143662551409366505586169462920432747430960900775322463110962066796058842130208095113376035841953
