3
3
5
7
13
17
17
97
103
137
193
241
257
307
409
673
953
2143
2857
3061
5441
6529
8161
11119
13669
26317
43691
65537
131071
354689
383521
959617
22253377
40932193
1326700741
1467129352609
2368179743873
2879347902817
737539985835313
373200722470799764577
597149752187286607489
47192818771332809681089
335631827046798245410603730138717057
63406006407727721042109834220642811713
48734995441023943825153659548266541432641
10173405831250960239209781787867024581834188479253159465858641153
116244395157193581337282640791798084114394917399572436767868837818708235649281
