3
3
5
7
13
823
1097
15619
103573
189061
7663507
17026909
2017223347
2707079449
435700800793
168434085820849
27261904199932321
32127963626435681
105498212027592977
32032215596496435569
5439042183600204290159
68120209408972507562389
647923469936355993348337
206875670104957744917147613
53609728305112371861051024218617
76322226733741791880102224082789
921525707911840587390617330886362701
298291609560028759691116319707152042481
330942794250649491454938933721853592410780694190835053
241777014709302954850239652300043393011478307432536296651
