3
3
7
11
11
23
31
67
89
151
251
331
601
683
881
1801
2971
3191
4051
20857
100801
201961
599479
10567201
48912491
415365721
10006979401
1133836730401
702948566745151
2252127523412251
9115784422509601
382027665134363932751
2048568835297380486760231
65966684197384718027476767451
4074891477354886815033308087379995347151
4108316654247271397904922852177568560929751
101249241260240615605217612230376981800142669401
1657154808755021818820630633083400618861135574408955395309601
3793323745900631793671602131884715291207977052108981859453982099078015780480348251
