3
3
3
5
7
13
17
19
37
47
73
109
139
241
277
433
829
1013
1657
3313
18217
30269
38737
79903
178481
318781
853669
1523521
2796203
6542857
634569679
26785337149
168749965921
2232578641663
5415624023749
10052678938039
42166482463639
70334392823809
257952400029937
25395382141805460457
496817081109150685921
5770338946481798744593
291280009243618888211558641
17631969887860014158574508770817
6113142872404227834840443898241613032969
2236432056635199399738233807060666090740410212325141089066302622986458838650109159122560711983364936290624755513653499899356914184621466833
