3
3
7
1663
1121297
3772542223
502746492223
660284006953
679758314119
25792643401363
31133636305610209482201109050392404721
6955979459776540052280934851589652278783
3138280009399679017344631051542622769205877134953845128202334345822857
971034308087215866439841492479664676774419087718205580112757800346489383481
20242389102260298687502254178272684977190100113356052887160999421202679515818095659459365891
5950573776337857083075874442067543579480302367010830438026343467540674188668607309648191584891661956885759297060111559
