3
3
5
7
13
557
1669
10009
441187
1408349
1694689
4506937
8468437
15736774913
61941520273
492717674609
2635018202833
5625767248687
7606017793609
12763660054721
123876132205208335762278423601
575563253225402647909054046710513
51542639524661795300074174250365699
392856131525846647191238066992041449
458830307187721731781832219556946069
551151871547616119938126402169604817
1251163891299967635860272509229764287909
2975591535078494718909305165623136593204335955651117007329441
9121860314802631535729338714627536721870308627534265066967795115502591
