3
11
31
2349023
18144551
44596548025921
819048171793389082617855311
79638304766856507377778616296087448490695649
62357403192785191176690552862561408838653121833643
59609913969069810740791683261328885356693300992238763647073438106544346031660581890774370913059350849716157244157369339819489188855956711349028008084711
111338257060394146294269327304582718284596176877769085775194372306394551381794900564118047174375315120577744767733907164351062037336722177429703584595464045107962750924106246470422626195448815000914851
