3
5
17
23
89
229
353
397
419
457
683
1217
2113
6689
148961
174763
524287
525313
2039731321
2931542417
8857714771093
24517014940753
94803416684681
1512348937147247
2368822395648721
3040124117151617
149832750683283097
3066290411598855013
3410623284654639440707
27290812893120485231161
1128504950062383934670257
1937385241416564065603093
5346950541323960232319657
1607792018780394024095514317003
487481767989543289684666695196152913633244690695642497294447279200078757956580209
1479245156158963342937066009758259756247535835509906993597433470777008141221984161
