3
5
839
5867
53633
63689
186037
356989
860166859801
3629006995613
21249026860157
903780021613921
5800422716722833271214743
548560489336890960473978059
10287968884341772230096159036619433593
16651785611502446773316824778921195502289
29919490848598531825060153417921002916701815927
715184516961555073718763152204309023374763734759797329820801952363803521337
2045630585023291847847871492077719601053281032631132358704409689987824421048733
140218822707485169044055428988288042447908215432246815852158858072198555895717462599488300190371
