3
3
5
5
7
7
11
13
17
29
31
41
43
61
71
97
113
127
151
211
241
257
281
331
337
421
673
1321
1429
2017
3361
4481
5153
5419
13441
14449
29191
61681
86171
106681
122921
127681
152041
557761
664441
736961
1130641
1564921
7416361
15790321
47392381
394783681
755667361
4278255361
4562284561
4841172001
25629623713
46908728641
54410972897
88959882481
146919792181
1586308510081
1041815865690181
1538595959564161
84179842077657862011867889681
54169520413224311136354324156824071681
3421249381705368039830334190046211225116161
380237945545576041143329842469322327462093080857230396812644586765650440050917813566181601
