3
59
233
1103
2089
114377
3033169
2492918387059
26042075463217140565804312036553
15839701019198785115846577757132209619279562784734684607539770282665784201
1724286786401118591802343046933388914018578356675024734214005145128296186675074151953573585657883004113945121299296889086219413058623429266569078368454277398861854249530041
3678189694282305641971130385959121772998099147892257788407240249468516407366718189802529983965853532525577693872875179295518402012601812750259974043187005644937802113983080930614924433928388526539
