3
3
7
563
80929
28383811
1390916281
2475486361
5203536083
7317767583121
1165121220595973490028272789835616165757454893337
442079688503172860176607217752424068059658864615965341384647107224486419
48009215293052652841860443273079338843737271906291675944391068955229998769420319
20792938928591865188240096812904006250659656753228144920565015447093674303370768417852236151516942033
626322472637042112379617556574437460372478130091490111806135154280070248067062629972139895896953692975358576879266688023648639640273675162065398163911
