3
5
17
4643
15193
9878177
91185761
95110361
5344743097
199061567251
18455044087121
60272956433838849161
22481127512575175864234185190299
3593875704495823757388199894268773153439
178325724886188112393573476458482965256782477560753
6920400848110359047653995057624941367485834954585997077
75672902515399268696128566796695463720350092075302513359703023589825427037068091621607640327049899706934608011984151040362495361439401868485238628085835177790416805230009832714796994241379610513518716302077824044106682239032523266362187191761041
