3
3
3
5
7
13
19
37
73
109
283
1129
1693
2351
3761
4513
5641
8461
1681003
1768141
13264529
54865357
85693033
4375578271
7484047069
35273039401
111349165273
165768537521
180846660913
6596828416459
140737471578113
646675035253258729
5007152232772194889
270097268484167653999069
849951419916202422143761
215281412690558214223757449
1617189999730415801728461273583
4616961956733770288547566089213
65822575300775658772854198368766558032903129506601623
247094426455224525461990628799903470541784293855807684095709
241158858171883059466688969410187157879210229879717221093613507
