3
47
223
1777
178481
542939
2796203
25781083
616318177
12985283780501700403
1530328553290391228929969
11862938913865507127049391
604367679922143570622653720534643264325088703722918681771377012408526538323960466739317375681
9169466285112385145786919034786866010313540919125471575107378058834025916913248388550311330518963212204000020093390193123
717380630460226230305860936849190480084224719404904576848566002303176824107337578481502878716197281526142915571451045986237554671234201774006774449712687051888722024398492314919663183687169
