3
3
5
7
13
17
241
569
853
2273
5113
13633
17467
66457
102241
189997
228479
266677
1396429
1433633
18369973
48544121
56409643
148587949
212885833
4999465853
5585522857
40524027877
472287102421
13952598148481
20111008087273
2849881972114740679
4205268574191396793
203525545766301306933226271929
2646185328486854129693169911139349
31141397544886408722636686759644216932367969
561089862628529469701880307617682175171538701774485416358584106265670728689
9442586266333568908392920852062198597680146484710071778810184146005931941908698670026201870764470057644856246771485273713
