3
2465171
2065711807
7155452470451
513740645819473
14343826193517763
4727997228805279065233
18449450106982911477871034430148217716695646282266064204205488745738888010789289
35382013370709363956405022720063581613953920882540914664616009343887731347839468592930021200199529033
2236316864019158840735959359498635477634259430025869474767592038357190540362426624729661441180602192404592046105651917609
648801734928992181954492950048776053904043590857435580244330431351954368045897625283526231577834810740001303595136354980914181128313
