3
4045891
7215601
267946153
72068132891
13183242101527799620391251382520507315529510625017
58609898712737781434024027899110611446341212502589792599097337
13634114651322357136244434000510378993646341182529301330876828151332807560015763251
689446492881618336328109432708356177701201033295524648341682389467628713061286698944336488056955742457364564837248234865096219153030243215903
1202854518111462526382709430298818021637984393535565029310805880494916332091698095055459002852088656047050825979586276027662143624550820165697324665841
