3
3
3
3
5
7
13
17
19
37
73
97
109
193
241
257
433
577
641
673
1153
3457
6337
38737
65537
87211
246241
262657
279073
816769
6700417
22253377
33975937
209924353
1718990209
4261383649
38941695937
278452876033
487824887233
8148919324033
68016300334849
138991501037953
18446744069414584321
1562985901350085709953
24929060818265360451708193
1422346738975853644793916289
672915391135935402269916482777538049
7311824282729722035859309520826138827918372038863677678267962656996811009
26238778867715436338741843672779889502122380327797655456220206122571496254033589396603470402425368908843806544862977
