3
11
31
347
4153
730753
1505447
29923811
526769431
35374479827
47635010587
70084436712553223
60313752055701307811411
155285743288572277679887
1643464247728189221623609
3205853408074298683566650869570798974094347365546830062745393897406012552557721
322840049452668076280247037005800758274547345385472479309983070175409126454761698489088892852328531
1258272604747852197232741210941833731855257332095240527500356058501701460863450835930666270197833475895189565478632457967802546928810527714118442244703933699968719579474980372595868500608837526185081
