3
3
5
5
7
11
13
31
41
59
61
151
233
331
349
1103
1321
1741
2089
4177
17401
29581
168781
789961
3033169
4818061
7060051
7553921
23476081
24578371
107367629
536903681
27920807689
114082022941
244716883381
4431960464101
9857737155463
22170214192500421
96076791871613611
3902095192430070721
256582225885581001782477601
999802854724715300883845411
12004541501954811085302214141
2714804953442921912706470542501
2679895157783862814690027494144991
178137551056208627463817592059032323866951
5118520748107713872196889605626300465168091691
64991550068394149357009838541657243664534260906148722320295035241
