3
5
17
257
5669
598193
104124649
666184021
745988807
74323515777853
1746518852140345553
171857646012809566969
870035986098720987332873
2077756847362348863128179
17547835073985096343806660481
35695338233523972669330604417
576694829762330794568961139476826913
847676809695323228372386223737948820266344360100553839813537
6982316833140988087154077166729153260461139025999298185851607585547408669005205023138111105146085852370488388457378476804197112379195768920629247280582200507610431122259851417328691270048045551285015485232968553896134847922012090241
