3
3
5
7
13
17
241
293
439
877
1753
3943
9929
45553
52561
1013533
2298041
371335727233
704710824913
9361973132609
649301712182209
9070197542196643
671165898617413417
1795918038741070627
19602880710043505617
4815314615204347717321
9444732965601851473921
142406868765525436670617
3278244690156222434135906137
18478609113710122023550126425157
241378644784282665724224215269676274193
23877558370585153535255125267231814835993843079185883107034076803873
454591150959959338436433236072831066979684403519002658721308556957990682441912103813899657761259954543362007568499792191194049
