3
5
695377
3740281
104110607
5612260289
78527789689
150554282629
44210591644829
127321491658223
122551752733003055543
1568971170249692917853
3629778570814574724017301853
6563213024281378912864020513717469284499
43738605422458594461749425887615137142500083312917612669874016537
27187150285995102227753931297087386696228777572312655423097754219006539355466577665441
873880146833642190373525520936770796845382029997855219402285283144955696825577908510162169
562428917603422426410519249158018509055198515761927106454643936887015984608067863534177571963311973
