3
5
5
11
11
17
23
31
41
89
257
353
397
683
881
2113
2971
3191
47521
61681
65537
109121
148721
201961
229153
414721
5304641
32655041
48912491
89119361
119782433
2931542417
3404676001
4278255361
43872038849
415878438361
3630105520141
11035465708081
44479210368001
374871146580481
2546717317681681
36589369917525430721
212669637382198127520411474271156481
127886114126296744221796660380215073025601
275509565477848842604777623828011666349761
3959230115153309849247403143218625469852321
47897316512681051221965999213746841956520347082435038810002558288440226076697587976109330557300524416001065793918081
