3
22907
26431
58147
70481
149771
42295049
2045616510088708944258113057143343272186985194817
1174806445233057737347738680015012445081063982168447003222031523
3760360971534816241919563783288078413183123881713593451490518418403121592479299079215735274835083860548846360816454890179157491
609975771894476528674847741770477550690431975984816508022169315752408668993737964630175742325288277204552613243684812253451253427056346412559151033770967839107719594288877646641877521578455691636766459660797203894013905167748331753651455643293131241572177344321
