3
3
3
5
7
7
7
13
19
29
37
43
73
109
113
127
197
337
883
1429
3529
5419
14449
22051
92737
126127
309583
311347
540961
649657
748819
5828257
85225897
720636337
19707683773
40388473189
77158673929
118750098349
4363953127297
4432676798593
4981857697937
26032885845392093851
40544859693521152369
2741672362528725535068727
4487533753346305838985313
17059410504738323992180849
1996187656530838599012839257
169462032913464877812492288268723
7086423574853972147970086088434689
10032718675660700331163223888781708908159501730496624539621810378577
84998535361121926317825290336868414402467054590903922313327679343257
