3
3
5
7
13
17
97
149
223
241
257
593
673
1777
3109
3331
17539
80513
92353
126097
321679
532801
854257
1079809
25781083
26295457
184481113
231769777
319020217
616318177
1398316729
4345052821
1174047124321
107775231312019
85337232196804809313
1453030298001690873541
20988936657440586486151264256610222593863921
129887637532703885175569346500164339384596481
1167921844796930836978129504180973017018182961
6152896135288560374679945371974689688835168151742564408104565373600581564260451457
1507892374144424961736778771544197049878837689076557323381168039113626609124448800568490911125916724131967739809
