3
3
3
3
3
7
19
23
67
73
89
163
199
683
1783
2593
5347
7129
20857
23761
71119
87211
135433
153649
262657
599479
694387
8950393
97685839
272010961
33057806959
352246478761
6215074747201
242099935645987
620617419930817
1409033313878253109224688819
12430037668834128259094186647
236552624101029630306294196057
14973866897175265228063698945547
170886618823141738081830950807292771648313599433
6928662288903202541743616296424480726192928874632124386803925489784398424051
162395453880679626976948802659318287464839269423776929238860749460670217598671007563737736550442141312167882823739728942052405438289
