3
283
1787
2351
4513
174763
524287
13264529
165768537521
6705767506519
1513038588606647037924377544619001786660891
1542338292002409373550628606652924602059467660039183
86532471765209726038736141034817817651258812131449686767322598259940990736831029762802363685954239249289117050777695220400793738484556498848393142002714052869755139135571737382381527767
993006939565347483939453721657247018825364292802518481381805496623145575525449543871013676827009815762151217104511006101867696631712848397971645249990830141451963206450371079022337958506630956052113838427
