3
3
7
47
79
139
599
2393
2731
8191
21529
121369
178481
258337
2796203
9341359
22366891
14718679249
168749965921
10052678938039
834490119087067
66354530124557299
13444476836590589479
31735484991529375057
51441563151591093599
260242449712509916159
8437649245385270023387
22263485343435683412693923533443917032613157943146077977190561
6669670539654779983441998019920103074027704681144356972633287871568891230336172398269372427
1537526783273536776150319235903170205959819485321159180650397325688028293946582263261957598097436550149727758914860073386697409601201694581574168811926672318471
