3
5
3593
165233
194867
1256303
3615349
4332851
111190361
148061155217
6871197486841
62356600805137
3578620616468306981503
179293953141823358107657
4818891590397621779692694053
526385733768051189441947168504909159
86420054428211705423232757034079819511061
89396693392545895668303801721053258296972567022618106513441
671048202247096343034439578787654778771797299271267191082765173697
686365986948653525165604750785312728028320258346396663164243580809589457188485044315521
3200877854760201765189686240178650665787305384308641898388890911033891323416400473331390370691357659
