3
3
3
5
5
5
7
11
13
17
19
31
37
41
61
73
101
109
151
181
241
251
331
401
433
601
631
1201
1321
1801
4051
8101
23311
38737
54001
61681
63901
100801
115201
268501
340801
617401
695701
2787601
10567201
13334701
18837001
29247661
1182468601
1348206751
3173389601
4562284561
4714696801
168692292721
1133836730401
307116398490301
413150254353901
6269989892198401
13861369826299351
469775495062434961
3192261504216112476901
281941472953710177758647201
5807380901690048305970962748462547129404401
1461503031127477825099979369543473122548042956801
537548441054987352716431804730541064113448144775940663580130850544716474824881955502486161902175946001
