3
3
7
7
43
43
127
337
431
1033
5419
9719
490631
514711
2099863
5757529
7243867
1591582393
2932031007403
15686603697451
365505823711978039310711
11053036065049294753459639
378717376673487267097266291431316313
20336952491372732458100553842885784919705927999
250496677636134194455624482113419891241717626649461375803326671768162580233
2506321486314528092352155999323114076092619845896690021938437190408228542736515881788700058625478643849
176679585609523570738390485300032226574636113551764802696858679290493248637975181698375345266071339451988060044492896355388096556042081983225060241
