3
5
17
227
257
3391
3617
9041
23279
48817
58309
65089
65993
1868569
2362153
636190001
30500013280577
1066818132868207
491003369344660409
15079116213901326178369
10384593717069655112945804582584321
10149175069282879921381147267876162392883116313876609
187881857740271110399981435986147589537560983254638670518300213840692194351709953
2480804957198250028708057046134715162580217174841698341177678467976358037638627697229748833079974029669969423384495713
1172225755243324195014382443386015196563012226028894875809361175371203618299125796877268478415021923849839797417736375358132168481
