3
3
5
7
13
907
5437
18121
23557
55871
165799
2332951
70089067
1398353017
790468905817
18717738334417
611095419792177937
5667228215161742851
147350640513623971909
1302216832385373385027
4373689270176379261201
130530323901899210670077
7289088383388253664437433
50834050824100779677306460621499
5789297444343221862596731102919959957963
54346923783128822033385022689299652510789697
2854495385411919762116496381035264358442074113
1472569697984933610350093844623116623743774608299938377008397129155903438335887
5826957718315520568633040017293555450660222118573613540472014058220207820032015817
