3
23
89
167
499
683
1163
2657
155377
13455809771
35913067887863
2389059505456889
57912614113275649087721
87310639584404035584358436701645287298311883547857842552027735626889821792854421963
150229752095582471166358140423251649194496147467096134816937630966207476089227936427945235886321
648291162536055420560950254692317755032634291032423646561200208377337130686490559931120880015470525955911617558175118625901787191654364873
50255264230399761715939596363439991644651183787428948996504696479387781544807299316599601966710032091158008059461157412504064176410511735293814036017
