3
5
71293
150327409
6196333979234679466021864314534473
5845296257595668545524969937697507923682374822769
6885357560205319573060633896800918448254904729193
28823703291241135239378075616078003806433692452377
18016078496304630901695171021337431026910172081072177047327272213360916760459792809305587
2475539419689929784935319344449409898291165097323714578650943035813830300993611462717419801770460539016610145009605554380104535919
372141426839350727961253789638658321589064376671906846864122981980486452795766387922536388620964160938928854673786761803650320718322728961
