3
3
3
3
5
7
13
19
37
73
103
109
137
307
409
613
919
953
2143
2857
3061
3673
6529
11119
13669
26317
27541
43691
87211
98227
123931
131071
246241
262657
279073
2582029
4260133
67135177
318194713
1326700741
26159806891
1426465062181
27439122228481
48752128660789
2152204823142217
12458723489217613
33204917536003441
238495197879143209
407770693450231393
572404735191016891
24418671951944649151
75582488424179347083438319
72665575884323021522460727660186327381229881
49848448234572624009465371493197779785120970152607
6261723151446186463290924787550835342654946727586561553
142730612959829002894034398743103881310413811884274698587692815637
