3
5
2767
14753
99577
110641
226813
7278269
21102737
25002764653
4776428166707
108902775905377
440896496421649
358228856441770927
7099353734763245383
44089943505984478003319112411840301
1017228587161022218598932642491638987
340463734626779075359487007554818745945247112614613829537926067651
63994858283704263170593709559743412965091149660813491864577290551705660812329
846134609236527432935428641453947808692744612842997575850108349114305165850593069285923876628410633
443569338979894054090701637906080705148970910378363206139880256418352080409357535502603463736256470316166317546057941
