3
1847
2731
8191
228479
48544121
56409643
212885833
5619297841
13952598148481
7308406721600915975493042444655703398226218153777649
434284416496884393040841315444206695459788549436182739707934576370088748201819201184526862364134150497353667
25319805183489042487156221096767958835909341111097087668817007887186460231678267872101668787950577618516608938546123875314864353811603524007549633
48333442036609258503727864007974313677260695993650511296767874530946959404195060290472930698433929290851981809033610906444151406024168255400789790820887392114978255633218574503478184221017
