3
3
5
7
7
13
17
23
29
43
67
89
113
127
241
337
353
397
463
617
683
1429
2113
3361
3697
5419
7393
8317
13553
14323
14449
20857
78233
312709
599479
1027489
4327489
15790321
97374817
869467061
1761345169
2931542417
3019242689
35532364099
74153335873
88959882481
98618273953
76096559910757
39522602650168177
581283643249112959
70180796165277040349245703851057
4982397651178256151338302204762057
365212445341097287826412838353955921
3931002956111648245378728475226109181
1867935023317328048519811865525337712653538206737478396129
201027825648939445954510392729388975366845976704408651974712301857644912750702606956558180895114617111024802833
