3
5
11113
3407681
46475941
16694937341
10547461581281
92273133899101
448747600991881
2356759188941953
76834966209858049526107
239932071009857681156251129
385606580062688087218266143
88119307925269041107418404833666787
3844815826238691055385197298596714515071097181
381245244168307683916110189448251815510606591683179198413
15148264043785111348665069495360623752616947973471649653354617
497532604551403800659718805165333685595913106186792454026995210139
102491959518230934106402461165333403713978034815914919073091476928896157668528626207337752599971958796145811266535097326647423830281
