3
3
5
5
7
11
13
31
31
41
61
151
311
331
373
1321
1861
2791
5581
8681
11161
11471
26041
37201
49477
73471
87421
102301
103231
316201
384773
4242661
52597081
364831561
529510939
715827883
2147483647
2903110321
4649919401
8973817381
11292210661
76712902561
18158209813151
103410510721501
951088215727633
5947603221397891
29126056043168521
658812288653553079
3843336736934094661
4611545283086450689
24865899693834809641
57805828745692758010628581
9767813704995838737083111101
934679543354395459765322784642019625339542212601
454880828193476858296067961247991575807852441367281771
10396616065733554034660553056477704365402928208212077833242118911
