3
5
17
467
1399
27961
30757
74561
135607
622577
3108221
85458417577408481
15576974348063186977
25336594975374725568037
1137139284834559382500297
27586063883404498899786561888961349767475299128626440337
116868129879077600270344856324766260085066532853492178431
24702666841918364091482253393576619555300632286283423601713
444982990622442211633076238768486525999758197578160055156609
352369374013660139472574531568890678155040563007620742839120913
888192486543339587170250231534633545752101759653207234833104273
1105257517058095536166174574701277062875987846618094040941571671582018776125661005969
