3
5
252181
1372981
13453337
33702457
121606801
48919673417
9516375589637513
133116327626495251
759355003952701949854003
27312390961824038384529619828691
2932473701943181625152024650584953
279037459866252962991182017290680305257169
1148984537885906196977362003686090739460725564747973734847
2727318928892040009397199815225412029789790574177544409019502626344207905841
20302309294704931122598601105674308468575275657217112120355141633083494145900946314170113733
1100603995883119094073825425750530966552950894608152596430980623826920507270395336901295098184343128232264188411940641781144774633
