3
3
3
5
7
13
13
17
19
37
53
73
79
97
109
157
241
257
313
433
577
673
937
1249
1613
1873
2731
3121
4993
6553
7489
8191
21061
21841
38737
86113
94849
121369
348661
858001
22366891
26391457
308761441
7830118297
487824887233
1112388285061
6440452782193
370244405487013669
623293182848475361
5302306226370307681801
54573491387218500862753537
78919881726271091143763623681
84159375948762099254554456081
174989678972338341728544129375449953
13306320418205909319940605309019024034703545187073
66160413724915364725540228212461512514283877255084129
981341099270277365725997020540880246410626144250815446644557615660819877981866416423367721088079248957953
