3
5
5
11
17
31
41
283
941
2351
3761
4513
61681
13264529
13885681
894434441
1198107457
2391314881
7484047069
23592342593
72296287361
87255998201
165768537521
328006342451
3357909154141
38425816980821
140737471578113
3237811125343321
4501946625921233
56287943657879761
461797907949997211
722501809616926841
181352306852476069537
235457374510092115086834691
33869483802755570065477644041
73202300395158005845473537146974751
491385985756532758921242866762156623106644917422118530331003420938891536748276335707275945924566876536304701865604331503845328532325153134522534125773843347073056111093099628946561496971969137289041
