3
3
5
7
13
3769
5653
15073
167677
290137
2350291
852133201
2790467761
54994615633
60726444167
1542530589829
1654058017289
3768143933833
2134387368610417
5941035366826969
17751783757817897
31255173993464476009
96833299198971305921
117791760059111382841
2203942033439148343973
207080154684218888000497
50294321643757943005617331
497442758627359008183994483801
182687704666362864775461208552445184771578920961
11540260242834787882865066735032698943809785214781
13069986864076131112511481053390016640271992301459565850340749
4767828205180602862488887736985607398666751166000769605012698283856806259916006281652253453751
