3
7577
13259
295130657
25749931927
91254170041
212341461377
4621646208862937
881206290008086216099
23016485461806757328483
11892980076500863942962129100776937
22975205222554546114010145307351411496025395212488281695009106987
42473851340526147266826509993319628093194922290192667926440870920964574700349265985080009020182263507473
67051184308582949424821574393399302494429796682222222649491297904528668494149744674438169229263695832033422757289
437132465943413660702686151864039550227452294488019446708578944533056499456088034550429379770729594712071066859290963976253884943867357239818955867
