3
3
5
7
13
17
241
317
1423
2687
3793
49297
151681
504337
647011
994769
2707489
13664473
202029703
1113491139767
18890331057055511701
23728823512345609279
31357373417090093431
381364611866507317969
201487636602438195784363
604462909806215075725313
1487840558911519281039078769
13775694692898492184744709216599873
2408840984250243046611173150925486103064449
15652605325219818652993083172107461429783643502979960839389487552451781198261880337
7200964559880266174157223713515345375786442107257201936942460301248608097428061518078682794754267412326389601722982929011560986986540564455161820809601187482593072913719887735073
