3
3
7
9511
326330579
1480727923
491981122308467411
587492521482839879
4868122671322098041565641
241459659973825303567826493454039
1378790948509427717673789094900757220589207
1271824819271756089692072867669700519167079543
40740225338758415715380694619267076907012248419
9815639231755686605031317440031161584572466128599
23485336884993035537508465029538304720630597755230435218099
554346309198841189738200247725749800421156685578702545439230498849139
24051873260037418695405529344378285529524766471837924485276790039393009
16772604598205784086289454953739218920663544367549458802050874729476980468017
