3
5
17
17
29
43
113
127
137
239
257
953
2381
5153
9521
20231
26317
42841
43691
131071
354689
383521
823481
15790321
94994369
823679683
54410972897
62983048367
131105292137
1580019259393
2368179743873
2879347902817
536296539263941
115846651946400929
143162553165560959297
373200722470799764577
18292898984156916156396101
2488196881582734135904733409191377
967651113494068011489137268940159136059745761
1558582616098758557797226362422397644260483052666451712469543221157550388621014977297801951261296943567022874822748219328457480439059759136831380017051303896135638884921978370853413738473456977427732691891519656727845098885830672641
