3
3
3
5
7
13
19
37
73
107
109
6043
6361
6679
10177
28621
69431
94447
207973
4879711
13960201
15358129
20394401
242003089
540701761
586477649
4439299717
229890275929
28059810762433
1801439824104653
86196190381344385442209
30007459254393181618012897
4475130366518102084427698737
7971862004867103303293462593
56836071443608698851991785350698048717877631023589943482165752163457349
65586217086670450494078662927314573302495970658410743708933357885437868217
113589353104935751242284769764062782943229987275844482938811341584563837643673133
9368364192635570536820270641094526818432914571726884941545525447306194544364947298173904481801
