3
5
17
479
1913
5737
176383
340337
134000609
77852679293
765459043457
32605142983704221670173899
8806289643641483412983387861556412577
26537037220992112785174856161239437662001
7110008717824458123105014279253754096863768062879
3989709809886398362825551611989046782810398300525793
2269474963255693085711432948387582114817557263546457947501201
883423532389192164791648750371459256584513952652893606156996040365965313
13631026947184719408017710782061183922818222029213157259955839900234789678553530335889
97733201303936765730020949309738330435443943197369644808690186562410926043389032719036397111868080737
