3
3
7
23
59
67
89
233
683
1103
2089
4177
18503
20857
64439
246907
599479
2398243
3033169
84819793631
121333341977
143241922561
9857737155463
96076791871613611
169523514238420211
3106925099920735897
25925516494438382632167017
5461859373498087771053790065009
1609806083534335902079374125310994612192903
69586779567906400453376529267198885406422141822768937
9609322039095554268277107484843200218262250152281700954275029793
58928204377201809677199199089493820795164867153237185862568685348148757401
10745913215013593876108572389898059631914483659681117488243725224838785318499490312948531313967520967785294416555571812309158923
