3
5
3833
38321
6380281
33385343
39557737
70309537
79190197
344713309
6293443049
9148411421
461210070062342745541
7241702191810014332930493433
2044726672848533118748512612521
882620152753538056331035832702581
54657255048286677488033160851148008819
1084189530377312504075157410799939962357
35227740072249929415794245594378197379232110032047681
683481445118041278287416124073722711169070307627777892361
3458655620951577227627328301971917078771811965248177231857562141
8949165452964212284287352856184599901847368613984178988013861910189833
10869186607773319558730501484452015470992764113369214593828236615596881
