3
43
127
1097
15619
23017
531287
1726201
12959927
12966664479880063
14590250979416323
32127963626435681
105498212027592977
29446854121733451929
32032215596496435569
5439042183600204290159
2054632332893489623648954529456932156446026648056013670075186364926667510962190769831
52156670649289427537576106760930840418958577841246744491905035295116406127549562586708559335511957913996603925996263107735771439
876990621052459048209160507621870078718492673802558787103446299142176655554550129699889743522995502025956284597770939976055757876821368158307505902207871854151366657414428076167731792483878865546376434353
