3
3
5
5
7
11
13
17
31
41
61
97
151
193
241
257
331
641
673
769
1321
23041
26881
49921
61681
65537
274177
286721
414721
3602561
4855681
6700417
22253377
394783681
446960641
610548481
4278255361
4562284561
46908728641
96645260801
137603804161
44479210368001
67280421310721
3442404051886487041
18446744069414584321
94455684953484563055991838558081
2715862005931406599419575483412481
14768784307009061644318236958041601
442499826945303593556473164314770689
10559241583796365631935764162530238561452234881
268580515813837805739085028795525991427028497595809336993951780160116207212846825227601745116689745766453440066138207748895361400251929365141663530241
