3
5
53
149
157
223
593
1613
1777
2731
8191
481001
2582009
25781083
114389497
184481113
231769777
616318177
1484463163
16441275231629
138724733805016586033
5800976318060644948970424014255729
258190389365279446113985999067417377
116082946165734700021832375583736205537
6891696701907972189990423390011944079746042979076780671011284119842734575263
369318777768986567474423605441467763425794698617365769175220216931933959983220981
96529160172936296910493238203560466707174118419318720105724235309272572481324977401
690334244203667768780188232261447302669446513889511437469473686404677228258113619758096230361214201159016493949
