3
3
3
7
19
73
643
154723
14662639
20636399209
17866285599391
3156148413859611691
480625710015394052365153
5718761969788697451457489
84115747449047881488635567801
162259276829213363391578010288127
210516800089955301807292488792588188869650399862249
4697382335699080991160439732748977071469258244120906774840307806403019635933401543777637481
3629662994008153848429240162600396180519766791204932405950630091372441619019203827105766225151
101443667859887079436299954591196509470951314402656004727572728852322747306592549750125406592460897789636565968195526159310172440134942352533411032672207185763232252251633819
