3
5
17
2411
2640397
15594629
22000409
1602657713
10411181203
76119208744309
15059828108442641
442593060923913234007268894869422114481
3115949925222900514664736941746248477210667
23623969993379158557066131313305487489116369
225486428396474227112409054380791819318562873
3099117945581157517472560817353548774282450299539903688747366609
160619474372352289412737508720216839225805656328990879953332340439
3533694129556768659166595001485837028996511802181406170435598282024550401
176616198552536917490164379881874683072753738812869270012484934327924400299108052119278025857211075393788045129392486402410286113217777
