3
5
17
23
89
257
353
397
683
727
2113
3389
30977
91961
117371
209089
229153
2555521
33186913
119782433
1251287137
2931542417
43872038849
204452543956321
5588918964965108257
4036962584010807014809213
11054184582797800455736061107
1786393878363164227858270210279
1339272539833668386958920468400193
3254976976165960099872801486011429794721
38608979869428210686559330362638245355335498797441
8469440919770574005769693908434732506225873994236085602665729
27378466679521361547758385736100412777670435738103465210656013540091115840674884482682112352232131319759943440853880156821347037178949851701965170937965892987055090595871875556719969
