3
5
5
11
31
41
389
971
1553
3881
4657
5821
11447
31817
145501
3140861
46948001
232136521
3555339061
4959325597
8835219781
394563864677
10084875238121
17637260034881
1100876018364883721
67843581501874371319121
13842607235828485645766393
34224064338126003049783351
6424414731245950286450458211761
7494507654422346192755375111824820641
11948666383037358421854575652337185701
374977879576343942460423884051937400901
9171512050413471978823535677986962353938006401
11238344415062964442147243324272630868644399851
19339853806951345873051576528311604670649086951759360803721
5099684339280531431303325210885366883096347229374376914106957559915561
