3
3
3
3
3
3
5
7
13
17
19
37
73
109
163
241
433
487
1297
1459
2593
2917
3889
4861
38737
71119
87211
135433
139483
246241
262657
279073
3618757
26232337
30433969
33975937
97685839
106979941
168410989
272010961
1164777409
4977454861
13655624113
3333950193493
3718266498433
16753783618801
26129603777437
134921168163073
138991501037953
192971705688577
1174029487714513
3712990163251158343
10429407431911334611
918125051602568899753
15778453094691989880197773477
1753477469677913202190537606674204157
1581214773543289355763694808184205062516817
2062043345099701928227572690773164956105658911962649989485386584393290998719328165220555058032343464261100819568285995446261233997838833
