3
43
127
15569
490393
4506937
5625767248687
2356070859382001284653313
2166176541500493808960173319
123876132205208335762278423601
51542639524661795300074174250365699
1738265567571623156365340866047578896250851
2587308365024554442155425741275338196287468408002970427422103
68309683638694819043525603878503735120921715335775505532114837032520866840170310442900777292072333830827718719961607529523122328650647199
200736718199208750577853040074440411495255087516800509885082946183685272140349779499175214144327303408692397388738659432546538866547508218120281154289973344052820142316147890975817174107160961118777
