3
5
1949
4871
7793
890237
15064591396749221
78572879035003693344205781
227020551154913939039124941009
765127390408075650743952748313
43606879892485863631197356078278763527729
6144793408643039671781838523123136564262878350989411988346808108641719181
9731897901257744464208077526282782988129079026661029273172653543534128886917452489880241039129
586707256835938183351163074135744551682040291061952064486697351139689683584197041592347032684987014285885660198730427
82033219963138371097689272308258116841679442057301643873942124991182012434598644913857356023840478815121709542915222280972560231358838127531337
