3
5
17
257
733
977
1709
65537
3456749
361526017
37831175201
368140581013
667055378149
768614336404564651
2305843009213693951
4889940029309876547089
21251836487537653646842236161
9200725871078697500072796227876997617
1035817877926014488587133818491976759389034764353
3002073757428777382273857922385512797763792723266417656025021527116989779952950182556537541850817
1268391106936665111905563172371794226196851354596608999486044109513058828767816378702612878146487015773932405105715176393877199969149497955608962188149981044846912729894681384663285314233920973284839067720889080375425931823432110469832424297663987843073
