3
3
5
7
13
653
9781
23473
150287
704161
836191
2840113
7807049
110211473
355307401
4826612561
11281292593
27669118297
168007642969
116539854237679
1023398150341859
36230454570129675721
619079222361672204943
337570547050390415041769
1279966048012066420189837
9716134201585679932947173
911066556314339913468351173796888655666135594657
11692013098647223345629483497433542615764159168513
350000113790274485117608195498144854771206594206143335374881117929449
813672329919907795509032808672504412860070139160393241021029067559172251750472021321961
16044334656043409220370385403075081324178895866797563484682008037153971569828297317432126363
