3
5
5
11
17
29
31
41
43
71
113
127
197
281
491
1471
7057
7841
35281
61681
86171
122921
141121
273617
1007441
4653041
7416361
15790321
47392381
60893281
375327457
7439220181
19707683773
1405628248417
4363953127297
4387897103521
4432676798593
4981857697937
306178659371201
364565561997841
1372226516822701
15162868758218274451
1008787906424294727221
50647282035796125885000330641
84179842077657862011867889681
44399394252774652151567131602624448846381
252359902034571016856214298851708529738525821631
1463098735252025076064552980991019750718115268401264794574977849375291943201
275941346081645054787062931612384084765415177493084387198759504177405758792308711708481
