3
5
983
3929
7707719
34631213
1748832017
39177439921
3303581302573
110097436327057
2493532754808701
21092748383123969
6976447052525718623
15395951896033322050978817
19970905118623195851890562673
3717542676439779473786876643915388439
3563269486977651154759062020950904488457
14797326616665978116353515926860025681383
1541329369352770385273098862757156143027753
231554666133037316219458220832164250835363077969665249
46533040295184005377023907232457442155517412360368516715393
303884247595513633964998216124945852558847811385278996404458706697
38846455826537709934355663465881986298076977394967343397200701472257630261327321107
