3
3
5
7
13
17
83
97
241
257
673
739
2953
10169
13121
13367
165313
181549
3887047
12112549
43249589
62966161
164511353
349107457
628217089
802333429
8562191377
8831418697
12239719573537
6027043735173469
13194317913029593
177722253954175633
18093927039368350337
25394524415842506913
125965976976392564317
12243864122465612155106392056552353
30220180022953160453457856387777914721
378321539354637595471013489406983903120592833
738313998235889565301599572531640626810525425999201
936016136317719317524053587320893041043375989970730960996599373840710610048596807736897
36034153124236158775665988887328808295354925107894665253667088041792025629199746059239041
