3
3
7
7
43
127
283
337
659
2351
4513
5419
12503
200033
1681003
9106063
13264529
270447871
4375578271
35273039401
111349165273
165768537521
762394321774681
5135123689810129
9585228595374769
646675035253258729
512512927677384344303149537
9934018379230425610659608142885693781941091888647157503817
359687424377961714750891763743933975334959200103759485840227631801
5154800594447744843963619802983305243869440153396482199500404535444787331
420954953762554563814395940606480955192692522015271757620076936392240512531249
5210534962515057847841322440891322497979705533451447703876580568998286376287515867946202891679609184135123687873258361626007
