3
5
17
53
157
229
457
1217
1613
2731
8191
15809
104729
148961
174763
189697
207481
515737
524287
525313
858001
2638949
10049443
167659649
308761441
355011619
1482371489
6450973392449
6459570124697
9931868988289
24517014940753
402004106269663
531455155350809
1282816117617265060453496956212169
1824266557538578174916103390028454586929
213379941663827592701819558102368170760508803
4645115103442161869804915570014378786825822382803505847361
100319871877063413185018007465640733935158188658416446422313
9314218266714931205528960876565196100857164801943535812671181778549914477901926533057530661037456181010071091367006891345356014589664056746236174666765553
