3
3
3
5
5
7
11
11
13
19
23
31
37
41
61
67
73
89
109
151
181
199
331
397
631
661
683
881
991
1321
2113
2971
3191
3301
5347
8581
20857
23311
42373
54001
153649
201961
235621
312709
599479
4327489
18837001
29247661
48912491
415365721
33057806959
78061555441
391249826881
415878438361
3630105520141
8463901912489
12127627350301
13379250952981
15975607282273
242099935645987
2252127523412251
1629381447071722081
2048568835297380486760231
3147175743840736588737901
197641128914857897767608810041
334202934764737951438594746151
6084777159537635796550536863741698483921
38851510139539717819155119866785408258756327161587163687124541
1573646189656401207486767880720222624035301340663285632613380740307779641
