3
5
17
257
641
5581
5953
8681
8929
49477
65537
251969
290657
384773
6700417
715827883
2147483647
3770202641
5201080300033
3085397990461441
53497190411184131713
1141629180401976895873
19301855478655894221313
32206359010364528536290817
243889001786361258243254488269457409
15624307475317816130204755452289007981717441
214272694389796220531917097586652873821573313
197107422273014301919781414466039325387889623676342705850752210599969
46544449245413965233960896493208038258562447522453448409374067068825163127719465819025888736126794976078520072962444771162637371555769482014334276077028916939258848527552093588397266826733600516575968585601
