3
3
5
7
13
17
167
241
499
997
1163
1993
2657
11953
136453
155377
13063537
218166829
1621324657
13455809771
41732461753
46202197673
209957719973
9202419446683
148067197374074653
80485166514184335373
57912614113275649087721
5791487405427228378717709
583117579691967491546961181
3388098290567587377052016525627948593
8241594690167137359552274418432855740327
14767689550320172808742174828062347720350769
2915547797343721112173446482628529057775979692132113
317614322527057989947345072704981820832613575118118903088266049702821600513261815716702010425887072686969424544908770001466367632366182900326202481174169716728157474866306348909817034564705762340881
