3
3
3
3
7
19
73
223
1777
1999
3331
7993
10657
17539
23977
87211
169831
262657
304363
321679
1238761
25781083
26295457
36085879
199381087
319020217
473589937
616318177
5814899281
97377658867
698962539799
9853387597819
107775231312019
31031320083857011
4096460559560875111
241947707873451279499
1270593144646505233013326197403
610750585993378533918571366551132613003293697
504210588367141337242618878475927423280316140971751701077127890485673968877718991187197029450161772747335442226187851047716605340725373913
356259709855840347814184579423977577883939818854919827419470712293459180335618566367184158250790959263766858787438019506310967435347190178144994691161
