3
23
43
89
127
617
683
911
2003
2731
6007
8191
66067
78233
224771
724153
1210483
112901153
6156182033
10425285443
23140471537
25829691707
35532364099
158822951431
15500487753323
581283643249112959
5782172113400990737
6952744694636960851412179090394909207
331883508195873627260832855090645610599917875793
20200567342579527631370455849751729349809657695513
60529516200616105171088617241489496035731520539907
2793913238319388415855877320515410046216677933743670347210764119099727197020808105400603533433576145940433057570963
12965164052632980685377838280155437771284008372611046848197240512568336127535625605878549192234835893561392352612671994963945863
