3
3
5
7
13
304609
857713
2349023
75005713
223318747
58152051961
68488673941
1134974373913
27395325377910797
79259861740715737
18208260781190156536114609
25129004796912072003423103
11016209309893118098505744897029
61813405877003583474955932500285761
77510291046854672071894518915830832016429
79638304766856507377778616296087448490695649
6592352576422405842686679637480708650164392620241
62357403192785191176690552862561408838653121833643
187072209578355573530071639244871112681892570202113
151092646351275754169926860141067686815825706612457363611594727781012756281
198950585925702911694795949136325395391616590334589163147577781735447402953
