3
2833
37171
43691
131071
179951
21014857
1824726041
3203431780337
605829388649921
1629239097907113911209
2252765682876603539639635308408558411526609
510220743809683794945526871987297018137321953892784240125078452679188592515535212261018198220942306424734402550338905905543998907950309832989158142146708664266462115666205013234650790948708097066620791
161956164359829739028581410910444486830043135331617517170557128564472165901726973517367510073295371879066161958133003242233755185234469376910679474139209166683665546280084301217461642668916693919363606986762868512765864232708129859662463194928008607696829725650063965014763
