3
5
17
503
5021
54217
238451
1912621
57762875981
1972386557777
38508212572597
178230287214063289511
61676882198695257501367
12070396178249893039969681
45063180240128066017730357
86245368961389419078481015822433
15992518154179475674328213556857438690614816129
5058345723951854688505665428846313806490903121677364358901199128608233
10084786891164868903044000461741193511166162933699139834764709537603304010587634094053631800618313958847949862753441381884114308571221779233867837717363364521350181435128687986278658451823408133532192171438161388219841827075198840055685217831601941566655243743704980863680404547437764128787958275830001
