3
5
6037
10061
5798167517
350862114989
3213684984979279
12158987054135300783
1873030665061080894263
2049744746263568646584566175908385907415012329005298331
3104094484222470608516824856521486946868023455696697717
23955200130962885316031188743472921551370044637376885100853352090103419603199281
357801561527383951750371336247776228772287580084037416747290336593974702826921943012497755232377
4258599338755882853705022267394772292118428065125200532700547515369564538820068351214617555345713
14927302632254916781128984528627656118876019119295737795702221383196468816429747184045293175037548621285145956229553578167290038948063797409
