3
3
3
5
7
7
13
17
19
29
37
43
73
97
109
113
127
193
241
257
337
433
449
577
673
1009
1153
1429
2017
2689
3361
5153
5419
6337
14449
21169
34273
38737
65537
92737
649657
2627857
15790321
22253377
47886721
183076097
269389009
423319681
25629623713
38941695937
40388473189
54410972897
77158673929
88959882481
118750098349
278452876033
487824887233
358429848460993
1538595959564161
1475204679190128571777
494077391563970390335488001
7201935329692363728844274296784241409
1006545610655423007817780018765739801419395841
131084304485119425504284495119889529996019181850241
163129078976626145477798423051187262197756524727184748929
14510642956629460126286667764218111732339625499480335264478327629658324054225616417
