3
5
5
11
31
41
809
8081
32321
98981
223211
369661
432281
27338681
316273421
9491060093
5218735279937
6909226326451
7432339208719
46393668925691
82845386590381
600503817460697
145130814068214641
341117531003194129
1025698740064276331
1906785849099933631
53425037363873248657
727679956595455269121
4061881309402353667921
4830156472121217145581641
59970388037871582350272399931
845100400152152934331135470251
2429699425780877323377911266793981
5849536035946943021725873925722340491384209122316361
81546484733375544076045852635621136146782870422858345178081
698963720154843264243253784220387078257259218502563908013880224534654264461065235983821688087336215521
