3
5
17
23
23
47
89
277
353
397
683
1013
1657
2113
4049
25301
30269
85009
109297
178481
2796203
31797547
756550961
2569737193
2931542417
4103188409
9623862953
81776791273
156296877661
14405614244209
924278616131729
6994042018866541
101027360307659633
199957736328435366769577
291280009243618888211558641
3693169819477873192220694097
44667711762797798403039426178361
2822551529460330847604262086149015242689
120332962388310414552825393007131887467525410881
621109541542884571802304568790331501283098925929529
27330696325754397702721859056296484944945941783920736872107408951551671859754049
52960960594688838859111781933077513079102767102893014841306072260677809408420380737
