3
3
5
7
13
13
13
53
79
157
313
677
1249
1613
2029
2731
3121
4057
8191
21841
121369
5270773
22366891
40318669
180201997
1259036730797
6740339310641
10030854869257
615946323850313
1659020904838638433
4929910764223610387
4966300248405749059
408946876729703992293841657
18526238646011086732742614043
215656329382891550920192462661
3340762283952395329506327023033
795557710108345785144834946059455614837
403875924830102666591657532936430302473103394672309
23299139900642135368682920483464340090358513723577291781278961
167510000247425697384594847173622455701743569339841261429683667
8342680841093063014359532631803433656669591074421858694040109486076573471951766107416262860801
