3
11
31
43
59
71
127
233
281
1103
2089
6091
86171
122921
136417
316681
395851
3033169
4936961
7553921
121793911
596834617
2154593281
3692022713
999802854724715300883845411
252715814615565962418688965855731
2679895157783862814690027494144991
11348055580883272011090856053175361113
118310908116219234147550210872300654121
134148838212903456989907164771379816790203241
226932018656853753764328590428095793646941285066276009352568004490443122167996649040204022895272411
17483454462269547295545851408482464869612981041965785977139422606994634382399846296875317949359941756441823151569294695272244457247709444396578088721938935123720792960173698342272180693880466591
