3
5
17
257
509
18797
26417
3108961
72118729
140385293
17664039857
131101681409
2792688414613
8988357880501
53428165972513
8431309118401633
581367694924545281
90133566917913517709497
357319966758824298104849
313033168856062878953819009
3284305317126808646829056321
78829341974215087229120114369
56713727820156410577229101238628035243
170141183460469231731687303715884105727
9702750326896479671727000542228750333832492673090744273
254230515376529019317730405805572760866700624212107575589617487356040132919810469667391517390678247971577183788519923938921421847335313141855986152620434520470106010343323956847513204030898305491047262329439902469113089
