3
3
3
7
19
73
227
3391
23279
48817
54919
65993
146449
156619
457651
1868569
10113049
28448881
636190001
1066818132868207
491003369344660409
28876407885213594067
320021624768405574452943847
4760137992283599860814226997712217
72386347544037768298632733630815274606848381343
8067670082858802084066104063317410636310881590473931569
32970289831896516515377359350891813314051432116962729751027253442614469329074028387
344806501221213701235580686389155023886115084184395383011336429674255845833756806185467931
4321503963921481677500172108448823635181233038594026023927994620145511356639137464894721115529222820231383738196310153837038543004122600981536135508513
