3
3
5
5
7
11
13
17
17
31
41
61
103
137
151
241
307
331
409
953
1021
1321
1361
2143
2857
3061
4421
6529
8161
11119
12241
13669
26317
43691
51001
61681
106591
131071
354689
550801
949111
12717361
15571321
23650061
40932193
1326700741
2949879781
4562284561
611787251461
1392971637361
1467129352609
2879347902817
15455023589221
418562986357561
737539985835313
171664686650370481
7226904352843746841
9520972806333758431
26831423036065352611
51366149455494753931
1230412270786066204321
8088220746627020943841
5702451577639775545838643151
4251553088834471719044481725601
630894905395143528221826310327361
59759045572704532151734514229676903701763064698110618010245423428627221235639899045664816790870237783305610352947361
