3
3
7
23
67
89
683
20857
599479
647219
1434929
529510939
715827883
2147483647
2903110321
6679688731
37368615235403
105586579766713
658812288653553079
5560125493425335999
126901141805369975317583
91979404475310284038389763276277647
809412655973078797084604039087771314939
1444211137344578755413561460184550803276100931567
88001338234326700695315986455482272586355782310144188047003818403
575896517313071575602335595956453262091252291582203055305573983141460605453961468248305249415303856478422806096115246652292345841499
747349970567114000910522427763426786210995215401228005827561179027678089542524515823091997411995681051286345466243119007695904725201
