3
3
3
3
5
7
13
19
19
37
73
109
229
457
571
2053
8209
16417
25309
32377
57457
87211
131101
144667
160969
174763
246241
262657
279073
524287
525313
1212847
1465129
3311929
4598533
5675149
39291697
68897953
93507247
160465489
35473416481
121323854647
275415303169
99463730244517
2237717449946593
3042645634792541312037847
41435606371227835355919073
64510639132991228987740813
1227944524001822172393353063497
19177458387940268116349766612211
468383649705223522489840060072331811903055628901420829
61641347592475860688686002670152525762503468748858717047
498616549626647667221031761654996294501306236358720294704933
161555093850212199391812126981496731249345737925214473004217031351732271791913705533403
