3
2687
2731
6163
8191
16433
14983931
23908561
202029703
419502198233
1113491139767
452599156086559
201487636602438195784363
6500198488452063592176409
17560235101945245417825001
67545455787839926022098207
8418925148673380021603984960209532322828469162839527808159487707104885851
2670684618814611902596268626518536868522463469305703359735121635227632736711932900208261056433150959
202598467439494603737507182197175411665739701912128761972690739206906175440444567709586457442278905148646084533667593
1045944056823092156661137493339854233816834102167553452688251895249061491745006101778593559572436550035782793057520793329270658028663041430868450230057
