3
3
7
7
7
7
43
127
337
5419
8233
748819
6073159
1428389887
2513690593
62228099977
4363953127297
4432676798593
6896727944023
36892437056956699
2714819157586383751
2883580030222424891
26032885845392093851
3274162442129276091367
2741672362528725535068727
17008283446306740920401868978031815852569
5878920553871871291270984955318098156844648537
4391115859495019452210297067047180796674861654177048737558611
58961804474844164724814095915114338093146118248375213688557057
401566612311195594802501193435220042560698926924429408065263999053481174119481
196101766198962688038545077023430246882807208317999989414857976146547456086082102431752215957451921187463046987663123
