3
3
3
7
11
19
31
47
73
139
151
331
631
691
14951
23311
79903
178481
2796203
4036961
18837001
634569679
1884103651
168749965921
211104810001
2232578641663
10052678938039
42166482463639
345767385170491
2646507710984041
19616702141919323129388715950912065791
6113142872404227834840443898241613032969
74078343132499989110265409250618045323263715522281571
162383614111595675973306320509614573241829932932497191
697174543237430742710277767082091045949449114019397091
647463932206559821122945033207524451183068970139360141681
78908859162754190695012872157796443289838408940766478547763623591
5317484052436487202693725602475791466537190373827073770614944061973081893595514130038866761731
