3
5
17
29
43
113
127
149
223
593
1777
6217
136753
15790321
25781083
184481113
231769777
616318177
2499285769
2035259884744589189
1456235596904319041738812533139
107636344217840413139193500838915409
16208182530992884848445503478656332461639153
20988936657440586486151264256610222593863921
114193878466223527772144221955949216864968539889
21234370960880098806027750185552713706866970578963970119
9593963676285821579895400611891812054374771943664575363659273
40685660182013678075876090038882807142951196203944526621021614337454289
1449214404462850832983097219337627699461386738583817150515290946522233009137491046740249004771767347649848102969106529849175479122928515788321
