3
3
5
7
13
347
1039
4153
41521
332161
730753
1505447
173622109
11065889641
13625405957
35374479827
47635010587
7152893721041
70084436712553223
155285743288572277679887
1643464247728189221623609
1673815085186574700322174232069942181681
7348400530773377989289144129092395161857
175739665310505752968877740350313227534889
6502261405915923489627627623244984118579870253401161730049128363
939238142753414541590895938745299554044306364115123241928105494773671832112176240041
63508246255656419476497530845836533234603640097242109638332271037652783578416125981327200758409
19709014643115560219397264671577125505264032974428376489237001990435774189483906244488746953221813209
