3
3
7
2083
14865481
14143189112952632419639
24769991104728312891937
7791024427430986498793899
102022903521696172102859278404984457883972697707674972945944479058403
20270345302545987116040069442814496729341666112096057885992643120463337596490211193
95562442332919646317117537304253622533190207882011713489066201641121786503686867002917439712921903606443
1113102747631500301086134206196118248810522858093395131611927212572953997461097303498870764305607767176049
474016108063947131387824031448544361211147315919134167277304942987268398863188450121464807139683507494941832155907160286729934443766749188041143133287858172453498341506868246079166754007
