3
43
127
1193
2087
100129
650833
3256247
17747689
38369587
7346919119
86656268566282183151
8235109336690846723986161
7984559573504259856359124657
344415631298605320882953207779152104402244124702979210591304547
1061762002912586343593408439509543822254622816882458239681481029190247468769225265309538618766660313
195920687529171576555300672385470166250623280266703304635671992921731179129016161194130967511253607665587224712048235784432328374162911259096633
502484887382449532679018249045485079915029620744263058310524078014580552878819559139746931050174194091759513713034440650180474854481566473565110841757427470684649358187691595601060210745755784922297
