3
11
11
23
31
89
191
419
683
881
2281
2971
3191
6271
174763
201961
524287
48912491
420778751
30327152671
94803416684681
1512348937147247
3011347479614249131
6613335467116613731
21654734961841342681
302830601299346947201
3410623284654639440707
5346950541323960232319657
1607792018780394024095514317003
5972377728166033731379524138706997651075303681
2591359432094537078074951131139791193021859439188185801
110056051539332577167011497137904354133390221897767117778503394649227791353106509944569485273486768482569141949401
87480091830243320227861319320833898156034268117457157400778645849339691314227301131825140185505400643133270170816688331357283528832163759900628966261162115041
