3
5
8369
351457
36667531
83207209
129175771
11694270587
58052548129
547912280753
10517093353577
62802266052329939
47643611200860147977473
127532599042261144978125484544688931081
160188778313202118610543685368878688932828701136501444932217468039063
171417691861249198128317096534322116476165056718630345094896620367860006486977101859504089
544719662970007779805376120664747628742720078814297043502004257169059582129081332956507664967611
20472495904992014508515447610997893400945773811002926132283954877060969676643057167627787250194690360071249
71524734742969903728015051968752485005803698463404930100756245311341924488156267434225082878661380071322218753933
