3
5
17
257
263
1049
1211489
4744297
45529313
269665073
454261889
642811237
2745098189
810791440841
1271332666556177
12450751815271172041
308544695409769427309
36441674155824796521521
410515107056935291714767361
182331128681207781784391813611
10350794431055162386718619237468234569
88628235147538969385874281472055436801
5546025484206613872527377154544456740766039233
786754396494306877551409790749000906808183097801133060108602658143355250410059953
205719022865032808136250490390993219653031792503325959664983776383226261355550956413660145425000172281806249691171945334027511110486931601004351268815934508391808164692335813260656394096339439661740865711404250951877249
