3
2099
33569
459463
1779522099931
1059099980653317121
24132756641778030091
767749587188080891246822731496641644423848612695929371145177219
26200588389252777147795585370499300827948074837175233051035788338368468743990037732513623794905331698179
1108895964208444278442940840988768804857691049925287781761161782567736065480534421936523666896140338128137459533049
369266188244278273486887083855064296867073345369988640733366769361356228524595455113320346736281578663828394493376060518432499293320804625243085880752982699457652505447856877050712090840055509854409137034341785035349428439360386913514518408772631624816323215732114411055999563941648850153
