3
3
3
3
3
7
19
73
79
163
937
2593
2731
6553
8191
71119
86113
87211
121369
135433
262657
446473
22366891
29121769
44207047
97685839
272010961
7830118297
10166476786129
571890896913727
93715008807883087
93961711110587347
150832426800173710177
5302306226370307681801
24295813738965169951447
4247713303224552237738169
24841125429051585062538961751269988364169
1087462356189876289004689354796614348274006078814498030640327092526658434963230524957873956666997547232750552140796842174321721246657755700352130594440092712731927009
1222688431595222076535249841763207993162767266799369907694188267421813312899063400315194236020525233565968411452328361172303796011722674004017116406857372481940574827
