3
3
5
7
13
17
23
67
89
97
193
241
257
353
397
641
673
683
1409
2113
7393
20857
65537
229153
312709
599479
1258753
4327489
5304641
6700417
22253377
119782433
155852929
1632064897
1761345169
2931542417
43872038849
98618273953
15747624837121
190507963147393
16875081675650881
18446744069414584321
46714408868623938817
441995541378330835457
86945388997210442828259494992321
3046044023647117265076766795424257
44250674269198344200898981420091393
155251136815444024315833387060599471617
275509565477848842604777623828011666349761
2724766004649595434157241343741767729156891206422918570211139111809
13064120070541677519355082612131650283386790911107406364275834054492373567801176419950383012729454682537615570202929281
