3
5
5
11
17
31
41
107
1061
3181
4241
6361
51941
61681
69431
15358129
20394401
24082141
586477649
1692645313
22625755121
29324808311
28059810762433
31213331016701
197748738449921
1801439824104653
378827137612775441
10920513604018498900801
23678936375488328669921
593783678966863030035641
20946001591429012199281424246257
33716583668208510447368101472499412321
36614110124735294634435619027766763481
1007715965875748226745472989687556259131
47565948855249030607648469764544867603199396453249495641
35351698852365362729277708709411736429331825475280098826058592241686725380104073693172180196006134386204303478188597578277589346893015099734841385128698761272567599243116243055438794350515416551841
