3
3
3
5
7
13
19
37
73
109
709
1063
1181
2833
3541
12037
13099
31153
37171
157649
174877
179951
184081
5397793
5521693
73505269
94789873
288236359
1824726041
27989941729
104399276341
196629322303
3203431780337
4453762543897
15888898944343
20847858316750657
1898685496465999273
4394873587866112297
7364691332765774569
9213624084535989031
15579513615042163909
47065603823663026660218883
2995240087117909078735942093
8099559410464120708848563721343
64835086810126708428197417798336316991
26757370818409997433499926905894612513653
13678547238068571937955837583514271783408098794862972195988647588740138073285123
336660347301294900786909488130846712603057391861979903875843544923655128574249514931507881975332284926309
