3
5
17
29
43
113
127
229
257
457
1217
1597
2129
4523
5153
27361
148961
174763
524287
525313
3404801
15790321
35868448673
54410972897
1692116131441
24517014940753
126848469231149
477170373761089
679253585011429
69394460463940481
139065006256539545729
7802057668861532450977
11699557817717358904481
106788290443848295284382097033
449329386292232535250647435097
1053871639906983063115212651361
163537220852725398851434325720959
4708253967270778823533486411429633
9641617775435904042941328754047791354041387354346049144727138420456673
5677079123398272194291497711972925678879280317233799337163793504576415041
50077084767631215481459045535942286719035243087652929001293138096831344998442654133431262500866849
