3
5
53
83
157
1613
2731
8191
10169
13367
166297
181549
354979
12112549
43249589
149263453
164511353
8831418697
744487658617
111719734852571
4637377834385724793
1111602459445779059632640316049501
55986856904707901151366468901860525955442879308576508528221
10302618538463706881919168802267214976698025268786024969097949007147098082005358484869
27447113100592221558605737817880159837725139961783334035615062560475185628335768068981
118060225551350870763652733874186880099078420518378697082407356114986221754712225603525595135699916930897666025083343294677939
12608952924551863965992360478915656490891827318068815112341761299345519816732865095518014457919111246360424125987663964268856399
