3
3
5
7
13
17
179
241
1069
2137
3739
4273
62020897
78903841
928574737
3401264941
11221454641
28753302853087
18584774046020617
579017791994999956106149
123794003928545064364330189
618970019642690137449562111
24124332437713924084267316537353
10038055841545956979111137292020661
14851642607221752942766012585821135190909
7993364465170792998716337691033251350895453313
295439521076902169027092025021876400808014905622953086153526511753901770923537521
8634347730786151573123090429372562600645891723927646583482687395339003768803707512734187494061649643499761
302601641481146689510667986204071385474787415781558009299841603212278362615386488364591817632201021417866750055447615070107295581601
