3
5
5
11
31
41
643
857
2141
6421
12841
21401
95231
115561
205441
843589
879622391
562285164781
8174912477117
23528569104401
284758105146677801
10155021917057853331411
331343920853356078376431
2225479720965326919430030621
37866809061660057264219253397
82435743009239365884911622721
84115747449047881488635567801
6274718932629903902120853052261
162259276829213363391578010288127
23718232032401560617445166686464799001
431458267304950409618673634079545142558161
2645097367401796494779071821252585360713370368201
6611336085201112389579877109128941302208101631245601827761
70006550465690448123526076382585141736355981625408033198241
56572100240550827493717760601840252805820555191884341619239678481
