3
59
223
233
1103
1777
2089
3033169
25781083
34149299
616318177
44197213979727234355841
723179476352802400636953428399129
694217535399847678048415113186577758507635822252803808473674680017
44700786143294759651633919565939171212371806265425063004672069191159233388847203081926096301341225146305919558506842081176998185323025129846867225718661232146682273101552680747841813087073285997842757039114982160463
166609208776404271212636466284572426479610143063147001358736049334108535844117267217091166675038906754319914274493683052397060372815675366844367375690433265802384278699651439066347180211658343767087232757629692656102882366139222464232000313479105115789349565080601
