3
3
5
7
13
359
1433
4297
13963
16111
111697
196543
31815461
54408841
1301260549
1848265933
58745093521
416115013830990336221
11575709336636595278866333
55168069327936090924187079613
170018474935706970530240356699
417670631987040588748337613157
56325985799870853367887262701680533
4347868190665879373495950562775707707143803
228126224983678454852282989768019044189656097
588850381287433028279084110474400181861465037
1489459109360039866456940197095433721664951999121
433832252080828559162129980719774594106468749753444564315220021
1515210125679831169683880817991043611648775846999066937875040414107
6164459101748710901128556013786838840078806747851589150894064812504833580853956389332526997199
