3
11
31
251
431
601
1721
1801
4051
6451
9719
32251
2099863
9084611
731516431
4718966201
514851898711
2932031007403
297927289744047764444862191
1377607797987845739996109415156901605851
59904608378705661377430182608711698924130721
29595665593310437914988666782338644750260439502165280692826485106182235243621108846098278924201
891325589856505948396926366286842343629601275330484062653638438054369659557543802345797506623672769021585702651
1505085665149744276431899306875261418395247847425018508944603844839903620683561945617394596336783806618068200735948677456015971075641632899848092080746781765066240876994321280452890787432376678727662142209341550528111283705209796439799595773801
