3
3
7
719
247711
855857
778165529
3536450843
13759551679
25742490619
61965231619
1110671633637523
65877330027880703
194193974563158088483
489719099073327823465690986241
370906580744492785430299503112990447
100361196281293745682520861860411315001
513166304713999751217560795536588367248925043527782042775106649
588396322398993946602551002262771811630454550239765442251289994135863923618684318723896221594232220201844883420062738236866429833638943225235373471994985085121565019
57794867240135562276514461910198752045630734429190303431708126814589875444272820804695433466312735494619580819683485937816410564354319797528507638590881550264748791583259230266863502467485076893361751
