3
5
23
29
43
89
113
127
197
397
617
683
2113
8317
10781
78233
81929
12460603
869467061
3019242689
19707683773
35532364099
2136469147429
4363953127297
4432676798593
4981857697937
76096559910757
581283643249112959
31100269092898119731
111206916097779728932051224808777
234341789260493933662402728271919
90317512080398683509507180285854441
1297662995123479965752936319854262257
7753116956093531321410584492136326016729109189
38449218738315469929205966725331314088065108320477713389494264194381646386092646421
11464158678831419555307566061644085062421769697020398649986313091766942851904723145020010938191
7041654513267071393853911873196906476682748308462741872805521948554771590043753855404907061178826433
