3
3
3
3
5
5
7
11
13
17
19
31
37
41
61
73
97
109
151
181
241
257
271
331
433
541
577
631
673
811
1321
2161
15121
21601
23311
30241
38737
49681
54001
61681
87211
246241
262657
279073
348031
6281281
8369281
18837001
29247661
33975937
148759201
209924353
394783681
4261383649
4278255361
4518776161
4562284561
46908728641
168692292721
201519653761
487824887233
49971617830801
138991501037953
165041853060421
385838642647891
1117180440577441
166242935471754241
469775495062434961
24929060818265360451708193
30263419164953868175425499201
750016890283777055704738227247474485366338380663681
47322686948898415351505582462576221839235677646571281
1935559921561598963905349247860913850208385733753800879221676076714788170866540888167947999469867494855759120868947975041
