3
47
47
283
2351
4513
178481
2796203
3137063
13264529
165768537521
1399100926820497
2756059353782849
1729444049094495656521
1248432852603561685630837661279
1439581090232360306724652721497221475801893594104335706767629109277502599083325989958974577353063372266168702537641
30047938486117988655203055559863706433578397353610686384954038302367072241679379644414348812186625553070349536813639575053721792677133329
27207664187535860673393906845397355152010841882765049629015659040062696564171134971976539647805375920592788491682592748416875703231332603760619290219623575520143176023999393008874894022326698693591873161372597011236955305609913004956662313011327871293743566063707840187
