3
11
31
31
43
71
127
281
311
5209
11161
11471
62497
73471
86171
122921
217001
553351
16233337
715827883
2147483647
4649919401
105254261561
319268480441
18158209813151
5947603221397891
29126056043168521
6268703933840364033151
378428804431424484082633
140508608590164280225934233098866842745808905947
8661202066255932951384006504098700443470054187488056580001
153324493619416764902227532669212014081062899163967552854225491
2877793395471780939691708765283675943085856040731993025804510099025832171498564220773522417609801
2627690265061759813051430041970036221147052499684713186298463679461901867902579543156250914440022313989228545019390275432089026197288457466289193863588771122409827598063673576439175761
