3
3
5
7
13
1087
1811
3259
9413
23893
43441
1164193
7648337
31675363
28739737348957
178925762979037
3830538323149121
95016376135553173181
929731798601457857977
151878932339656740319930861
3940110259657736019867352093
706682198676491225695128331117
7923871097285295625344647665764672671
106646454159157789533685339377679881781493
534955385319592511227419175872576025063351
17810163630112624579342811733978085990447907
2307880312514050317434773233753379487634082230810808744501836223
960843850986532976532466235773483492840618819232206145010143480044702708779967241439519037158800917230289
722628487007333300889070952274522903788152000950317800951137249137593238625208293906895542820245972508757701
