3
5
17
17
137
257
641
953
5441
15233
26317
43691
65537
131071
143617
274177
354689
383521
544001
6700417
76138241
443069456129
2368179743873
2879347902817
67280421310721
373200722470799764577
335631827046798245410603730138717057
63406006407727721042109834220642811713
19632633765734319603254407700647195022608373249
13832308777821275253693797139501737778822147478083036956843427808440807495351394287484032432976653684838265205956643879584820178416769
221072365107553611656957468487531913626104573424311393810678925025269352010018691424110891901836248567124972080500724159164397090880114484969423636866833762998216779563135825844302275061146435173517319041223069357350978551854359802610894510730106369
