3
3
3
7
19
23
67
73
89
199
683
727
2179
5347
8713
20857
117371
153649
599479
2779129
7593961
33057806959
75824014993
141641296831
19488182484739
242099935645987
27306046411338223
11054184582797800455736061107
1786393878363164227858270210279
335694389427634954071771421573041823051433281
39699266645852731908271396177298928124355765422009
6148629656539349648850688099941128013039964611990754521512906071
201173181523034822195501501485330434629435000176256299969670508589566061752482785323045293153959210827449143
1721426293497261021542260015597251655002226072191122320545489355474709766683781470515044276503369440729805390719713484867114077486939823895199436576494739346256325325355237694412207990189173321
