3
5
5
11
31
41
1091
3271
5669
213641
529741
104124649
666184021
745988807
196250050621
6037514298961
18109412991311
74323515777853
73773317152282961
1746518852140345553
2511696210834096991
171857646012809566969
861926610031728629577011
870035986098720987332873
2077756847362348863128179
7647513170903349335637401
547366621242786875047833348132619405664230177381
103299509186869224002423647730712610913483679703610401
23548299583428753078153276336578257655370097978102396602253308281
17154986671631424401083333566864958769923530277214067752411345828989243831953969896446066369938959754331
58667143263986421516267329456613824034637210132132719276662651471416009944414974681293473225275567960288728818761
