3
3
5
7
7
13
13
17
29
43
53
79
113
127
157
241
313
337
547
911
1093
1093
1249
1429
1613
2731
3121
3361
4733
5419
8191
14449
21841
26209
121369
224771
279553
503413
858001
1210483
1948129
15790321
22366891
108749551
112901153
308761441
23140471537
25829691707
88959882481
105310750819
467811806281
593914915675537
4093204977277417
8861085190774909
556338525912325157
86977595801949844993
404284148686608554495041
1580204575585229261365153
275700717951546566946854497
84159375948762099254554456081
292653113147157205779127526827
3194753987813988499397428643895659569
69864226063509680379988083391904586415696439739773112049
712008358803432695188362382759127654363266938365682370097089
889699724270954868382634043341555740249741984247578510445178451442481793
