3
3
7
11
31
151
331
439
1753
3943
8761
2298041
3241201
5665531
581874971
702595801
1005823201
9361973132609
13828603741081
24375654323161
82595052745831
9070197542196643
671165898617413417
1795918038741070627
75585758834018224531
4815314615204347717321
3278244690156222434135906137
498386055746534779273231850742131
12687370311710932103729819887748340216531751
2494425222574733214339278396950946967011483971
8395287354754937404878748093233887467947014370925681
25651395262318407934919734781737797067431285390452848441
669559867434606018941015472077107140949909693581198373032969138811
47039571239409928797310998159302809574412713191008090890722063027084417577430235410025198493720736396880345328309484349801
