3
5
17
257
1097
15619
189061
38226289
457024161409
63074817527233
168434085820849
32127963626435681
105498212027592977
1188755858465841569
32032215596496435569
5439042183600204290159
206875670104957744917147613
921525707911840587390617330886362701
15164972751718165538717288739219937057169
93494255860086990512492657107875993907936741226417407522152230021039368123083029492734398464387952766267944617520881
96394951886158895436638553002335876023945650761943646710229266379668213030462667765774672984429909605820905848603948393260620829488596749219368478320708750426861127003505972888914484126230702131196920039590407088721809421509576999468347596036108584840826636829481185576003471549211937
