3
3
3
5
7
13
19
37
73
109
367
733
1709
13177
38431
55633
72469
3456749
5080081
57458341
2146261699
368140581013
667055378149
4209508589941
12836737570021
37291324871089
165963031279777
1386525709821079
4020232836240289
19125556519918081
768614336404564651
2305843009213693951
414194958733796530899181
37201708625305146303973352041
229271470775411882002314404819941
1772303994379887829769795077302561451
1496065788071742890012822928063153445784598021413069044090849
198518831522373199705315502297744277392201851028240273132593989508947283
38640785003914161847393041706513240920778826121806619738430718567496016974391844765260849
74038019348885590056896569561098087729673854504009273126775289250929677504000919746352220397
