3
3
7
2203
12479
19819
28627
79273
51791041
78138581882953
146264881313513
20837062885084633147
258977744356523549983
301311116540899114446723859201
883533090360873723903538281367
460233616861852066165180033789571
1636198597169607245088331633873083979
19755740081951910036006278827509875120092863638283602681
79073321945266228838262115990524608069915168947411523193620486700648001
13307293644989926855503183079276784290565688582692135767130945147226822516757076633431114901443896343698334635540215594678754538286654095364149897
711718443060888357455104383759579899185453159253854240850359788937324328008225366876777905349283339583535597500393178373807851032788989008946432082299780350922963303
