3
5
59
229
233
457
1103
2089
4409
14327
27551
99181
174763
304153
524287
525313
3033169
18775877
107367629
400280563
536903681
205201041533063878539949
17720324887536014938379267081
21552534292278889975789265257
17760830258779040432995274039068504510656444594752334547806268081
645285101497092125181423448604247314765588768947562129943605279670581559927491603930209942828259785826668347306339412962428369301154937689
15047207907283785223567857264566942009057638990573141456392568106577256738933540911210280244101118007417805328040232877487303293567630046047
1322830131185732845490094460922824805017577344578674050664765382556811961825263542866544375842267537328661201046073939078820592496422910371429506041
