3
2207
227219
20354222567550187
23531055927158473
4126110275598714647074087
172634405376546547951628091436445763552227
3340501686106326394219512125837051888087730290345881
13520591921723351390517614914853244718598372616482921
27431741084859107578898898421551267742974922940343893878046067425448793
1556091952348959582001775235021990804021486863097137505396479684826710491931017
11932791527912288368165782359295294543260720291900293158823108282055224993235415289766832244944034104021483210110347551804046070792790794006437027726248024845169722445797115794683703968858493570555291403991724382957404670842401449554016932782845723453935635939040426114249092291163958974567763376870399223
