3
3
5
7
13
17
47
97
139
193
241
257
277
673
1013
1657
26497
30269
65537
178481
2796203
22253377
267457249
43717618369
168749965921
5415624023749
10052678938039
70334392823809
76392570609857
549675408461419937
5770338946481798744593
3970299567472902879791777
291280009243618888211558641
17631969887860014158574508770817
1335570346574631363954390476479681
89915373937922777877614505795576574280561874130802566460033
182221882317761038769008305796878887770230583649112609565644311098848839041
34434773651943512669670550217665939883731750144685418951568171079340937855569852799807030738080289
17431162033864211607838245791243349925416635939356198881955178384247114540056451897331027723728308726322252581856294006865975367062273
