3
5
29
43
113
127
317
2213
2687
86269
202029703
1113491139767
2454574823653
3984238283369
27737993550233
166153042787383
381364611866507317969
201487636602438195784363
604462909806215075725313
3905882319245789677968338961726814899057590774820715155192889264170639572458833909055070113577826696814298234936017
3589281278010301346831626604501496699375685971634158217861440183129388930817982442382454620779876408285132972483851240449
2311564013722765106562693324070664787462722331606243819658098082763568979086228833561077816432762779405410319245179999205262073
1134356304620636711984590140004872867707637656553477868088332827232327817246599436421849274415449827994213301631107930754576248328791038934659
