3
3
3
3
7
19
73
83
739
13367
18451
87211
165313
174907
262657
3887047
164511353
8831418697
369560523547
26309368807003
6376386802464073
13194317913029593
177722253954175633
7675195491326802969559
472897006006202784083089
750910719017526169366384570149938609387931210817
23365041083799063007245010292408927930007906086731
242930150369581725249341464475421249205592384370695685937
19914545606272428358767809972331695315694158328269081263127932255311705972173453434460753860885094192047205572409316020721836297489685398885240820964587938899
1516672492077325421310110560845572404712870458388265156698122349970491269907161540049558908192000973880498619666812180990052099333118579058162494443921775737563349034709751
