3
23
89
683
7432339208719
341117531003194129
457892136759270759480793
15120619254845707358936819
845100400152152934331135470251
359846976075630863007498752386627
9401699217426101126085627400537881688668923430306029902665947240112085572850557654128039535064932539432952669653208185411260693457
1245111485859763703314041284925003481645763565186377101128030771529987654282245478200857354354956485301830171740403490119670668220309706088401669351
2952483516547868850043472213823371137830528616733682575323309655984073263383317437917916007216303466733713009202484816551100845419314713056298538261018363633019384650772822134795685652974671358309216001605190131488229889906745317717639475384827
