3
5
17
257
557
6673
1408349
4506937
15736774913
492717674609
934309676929
5625767248687
12763660054721
77764617112817456421627629713
123876132205208335762278423601
51542639524661795300074174250365699
1251163891299967635860272509229764287909
1716319040365034397790860195913303021663915471096474850983729
15578566211941397840517234387216637465324132360973879251752384554033387041
231702760517243807815077469326572642915128820021263287794330754498928126643401164295111960395292943251741528105322178484202893368042101370513024790622711910294961203878686758287399261404913662036469135778446844649945017390165536794490254086287983055990489161054818410849343238414176806358011996652887741751251835764504449
