3
3
7
7
43
107
127
337
743
2969
5419
6043
6361
6679
15583
51199
69431
13960201
20394401
90972169
540701761
63781899287
229890275929
28059810762433
18351945672220987
7400606817397019353
204712366597949333831
10471846336802440580575859
90338901802490793533882683
715302895574501987260955609
4475130366518102084427698737
2363026390394916673046830675466863
141071637344220059145065488837648909131968604721
145980337155634444285232523876979318451464756266456641329
554041764023369178896754856748731167805991046918712898194875840001041509211224448449095611531134535609825854156563
64116259840813614699980760575349371355703311586540367835792091469556582147354530544368306616998169034456205930673863455290761864339024209347948361
