3
5
3343
4457
124769
21993703
91441702997
142066482414807053
4565508951414453792719
30248067633191877840469313
22053236096920219270632521586535711
4256336767013448212687958473829362989881897408337
282057747749346706613994564765143207552235041664491349721256708641
63725217520100446091019213316114800470054259870518161822841838235099774015887061706672583915057828311
282772389478631490595364724399462092186501348562627650967135220434189407857157380221801989783773525998779150124067212406250974718782725601626594238084722774227
94349060620538533806038864524706722272923030510411010709405157506140604059803721301958901240218896281444763185086744231830023931842905863688854615311926972570714033357
