3
5
53
157
173
431
1613
2237
2731
8191
9719
101653
500177
2099863
830182081
3180000071
326667346721
1759217765581
2932031007403
12553986510209
101119526079159121
56895628984182809549
14158756473293001559237
16404229182321439707977
33715476283025803700130451
637467768535882654780280209
537267160555901894919756929016169673
9215285895065526291256518741915902569
574834143264904905790070036016148694273021
154652766105719612924981569723791457696288381889353657181
433869082773756151149258396486533289254338302525532881699681864965988739409
59421461573850504006982847948661818814805487210212023402297579182507736713009
893727031418219528215703263500245746111426327976710088873802347504988954469046303695621351442273545673249
