3
3
7
2239
20143
60427
25569151
154565233
326208643
1100558881
30155506036528513
694579497316894264425661243659806371972188318857
152796756325290043462779779478758328705905947521327614399129
20040124693285584251275658639027356795005997983166503259002925748843101252000415087461577089005691
625882785605273947776074968547215676534733253779816321285269078611530402049151514362433726695828370139
752440346497356983142327449546457327748644897934114291899411428982990336039662496766303354959577078458241
6892477918060767169857953803990496099874726825695862537945221995878503780332224363268573073183630500367119392420062341262872218580566927371739993650805027469403348034817728695613974591485048735894231
