3
5
5
11
17
29
31
41
43
71
113
127
257
281
449
641
2689
4481
5153
61681
65537
86171
122921
414721
557761
736961
3602561
6700417
7416361
15790321
16824641
47392381
86800001
183076097
4278255361
54410972897
8539067456641
44479210368001
101750737670401
358429848460993
1146946484544001
40396092614384641
40809065233184155116161
167773885276849215533569
84179842077657862011867889681
94455684953484563055991838558081
5344315494149074932607669859871361
37414057161322375957408148834323969
3421249381705368039830334190046211225116161
43824827636716143409491817541084379878753281
16366786575293487168163210961641150954650165468880710178578881
6651708361971854451275493690559032508594718574166826366447544322722800761096960716020916267857970754023990428161
