3
2243
2833
8969
37171
174763
179951
524287
1824726041
6088599401
3203431780337
58142098448088409
359071640268582342735956401
991716232711547904133208266569708476096585302268812437895620613523228047395807804509718682847405252750221797363530138523971792709065244957461042114855122348463195405527359163649619558388580575034963937578469172215768634979356964108698561163783822705921475217
10508537584872980049787749414505440238543661684506416445249892188329191267897669657242625405655025902294996965713681247700894953567276596965114308183649957469931262029470372188492494505614207827774171575432114297123003373257035070542940532411186322417809411123684246738342720455933424175399671044286557638075591
