3
3
5
7
13
23
67
89
103
137
307
397
409
683
953
1123
2113
2143
2857
3061
5237
6529
11119
13669
20857
26317
43691
56101
131071
146983
312709
314161
365773
599479
707983
4327489
10118197
350575633
551353793
1326700741
4696014313
26509131221
153356423089
1819762572673
12749191040653
2009643799642447
9120980814730753
35155077044989397
4029292065629191839853
135322045917118601273437
370578512312247796290757
101818114822337622659422429
3399145557982913274426317197
2056186475270066900583885539731
1032670816743843860998850056278950666491537
14407170630221060156595686931380920555127810203
2191165825376888084750157716424579062015865776131
727151598136704709175817482455241543644981786172521
12648384035384787780871703134944437615763117128688347014641503430279486998671
