3
5
51797
133489553
132585943757
522114085011580241
74906924194076922022321
416898378699411632562113
2815747080256641401887817
13299213974872825932452460424235657
806246686530274231554002548822879844631710799886320977786718630531739958469131883287342678637275814925394111503
78996524146199392653444479777192912765630400328994411026747182569247303808504044872301813189989934858355377558686836666273
257323192135759555839256711094215328226631894731631722581616062225895353265033689946560613273119450096627691636333654303452465323
6038339879714466163586487329581230225467073952666304685401930080392998659827438163336248625170473444809613830523763336714319009936637956595096844874501190241674865724621
