3
3
5
7
13
17
97
241
257
283
673
1129
2351
3761
4513
5641
1078369
1681003
1768141
3308801
3853249
13264529
54865357
1198107457
4375578271
7484047069
23592342593
35273039401
111349165273
165768537521
180846660913
140737471578113
201777278450257
4501946625921233
7341898433044801
646675035253258729
181352306852476069537
487073399939357470433
163875530636702837695009
270097268484167653999069
2673989784183378728255297
4409486883238989864703786561
38573092257178550307394862497
220079330589145989807908723201
18608722347327079478372693516842174661089
138283721500695845774122794906574976887904939982079412885536147948742638438410963841
331453886037735990099589660143150710637330532262365993616318946009091618610199434701023623302234249752568644578155489
