3
3
7
59
79
233
1103
2089
2731
4177
5279
8191
121369
3033169
13454377
22366891
148055441
359661017
9857737155463
96076791871613611
61318393206415264609
862129909267689232423274352672765463729913497
1973833390189373292099390923614168779294442399
97969783896578766950463988989150801833252065245907311942438154123
2838021841553700164033292493549397721692651434126177125532408652572536049
249018815918315199700031851161772880156221637084521986234342836024160025575777017
15604620003748987137563684369946433749429548952479111489128424163566077973414124705335003435083
17371272177127021455555247845152390191983590178753610670754663772470465141883810245027213056978994392185304852326414897720257043458170680407408416583187319449
