3
5
17
1699
9623
62827
2486265371
68492481833
275814838289
67535788803713
362073730366785443780868881
289032286755051820954283562071395404701830115983581457
23579543011798993222850893929565870383844167873851502677311057483194673
3108270227561166513471139050917630250627849827446163307471742778796333223910258298061
15541351137805832567355695254588151253139260287603415802670284661840802443732044480513
34363036002320426036196467512098891791470435859262493396219462528970061796268905274781217731535674591148498100320908398980876996043313954466824409581377812433804360761787545192391728051060848308590229307537338818640870271823781692159365527862781422966239521776627164541046386631940404840928004034788049
