3
3
3
3
3
5
7
7
13
19
29
37
43
73
109
113
127
163
337
379
757
1429
2269
2593
5419
14449
71119
87211
92737
119827
135433
246241
262657
279073
649657
1560007
3618757
13088629
20783953
97685839
106979941
168410989
272010961
4977454861
40388473189
77158673929
118750098349
127391413339
562873504411
4744655685883
56202143607667
231915937998781
562007253274813199701
15163372786994713185661
207617485544258392970753527
221339567928208501936257661
456376431053626339473533320957
16495060223601696026571578802793
304832756195865229284807891468769
262240094796597243398803698701290277956077074504877826371140929
12796850334107700077907936359359599238508434514842147354991928158160215113
34175792320105064276509600649933535697253970335472049142780400956425111741139140798213387072831489
