3
3
7
180818808679
15012732261073
3289098531153894127
728040923721821697586308784409
688979143570616582830070781662622819187353601
36967896067692174895186731445885654925399550043
658902026875796428567829503940349573542148080739049
37551870149160225933510841998425767070380445542467219009673638189257459
564114666698255235115889687610418969645397536395150976531625094017243548780441
6809649408891001685768937590233308625949604176033855796938978177320539702698633946720428389517879894953
24233901187268976846937252658041681349627484611774346970588654493700509622108303678373415006653069797913
145055723863560550477604381890594293730838060251770191890663583917159164624672619279898755993873860650491112822353
