3
3
5
5
7
11
13
17
31
41
61
151
191
229
241
331
457
571
761
1217
1321
2281
4561
32377
54721
61681
90289
131101
148961
160969
174763
185821
247381
524287
525313
1101811
1212847
160465489
420778751
3996146881
4562284561
9036489073
30327152671
275415303169
24517014940753
1457772869697961
276696631250953741
2416923620660807201
3011347479614249131
1491477035689218775711
23480412082098913326841
25349242986637720573561
29034057164920993379000074993
64326196787727903551977150861
3435950210316335724157758000789490561
15653990705896313547269237220041169361
153787279330237476887106331233239525756635010497681
51049903050598156013062477654241640657829025002976204451060261008689478158715729745160924860467530309657376827104233308157772350164622158651187694109112727796663977157921
