3
5
5711
9137
27409
2384497
5536417
94600997
73205584889
367032005101
386111803369
9640632099001
215346707765940143892464882933
90794862316027093768853899468313
6969336604531667168509871230100794095801832527002849548226132675916172927
7084851186360580941633572744569751943590093912197024061201633650193388126309578906138706239
4400394826437109072660230154828562786899807215815105326143790288753956409884398830235540110306174036457083385987
253263306823718328534960296664489739730363789045689446798361238855837488046770981119186018458963017842630605022713884169
1237759397860761078663675245265933946628311911155163607046752889205396325441722880875457480984852804684553922008074753076441560514465579828585775722489
