3
3
3
7
19
73
2287
3049
15241
349759
2576323
518814559
2061165716371
38257184231365987
100342091647341370469161844713
9403580927289288953072692831494040201
56713727820156410577229101238628035243
170141183460469231731687303715884105727
6535371089593651808167292821036140071174282019283
82723179283707558079607521798312521771184766697594996913
339212878596211796110770323541353281494127285320354524672773903
1304082600276287243759244156848940870414772077191614643007966860670931420325245012432473409129257068785841959725660683844211
6383201165041263293438818852856403539005299068589206774444995180584831995934830825789118948375140016863523900789006730324087565235864101955282593969954988634176364740441107028178977211347727
