3
11
31
1504073
4946401
18754643
20492753
406225165149481
59833457464970183
73563032256320682421346570851
3762270397244577165640826633613851
199439000998738772588908077106387241
467795120187583723534280000348743236593
14555351154393199486009895146040017633961311
15333417141003794339164342447265426158851946182451963484372297
1244492362113681306812690815620988152630406264476403356085713877179457161577963133875923887670893101277580917199871958864155980238422481890673167662587952242454628660187552849876577210547641
447926638750342876714691049840608934943413225990038401775886137684810105048182718735045073336636827964142417543383454679224789565485109582634930744075186701937825173936600677519588466094715001997851
