3
3
5
7
13
383
2293
3821
2392849
22312621
25212001
32788207
36875989
5972216269
7068569257
8437952161
39940132241
1063307289553
89618875387061
332584516519201
390527897582929297
87274497124602996457
2135640804965684861915149909
29489362305514321744929966859
1833085153842665442652283234165143433597
20844252715379252090938485003447004944677
31777797576236894605233997451651748223054019041
1046183622564446793972631570534611069350392574077339085483
54548448417035525285296706600697802231332535444840384058588783585067967122373
14192179953033329715063347742076715451201922408572358771733381589033434181937733623317977380256684521
42918312276547739963203233515530679548769012405746813903417913563204180538169978298970944021468625193389497
