3
5
17
29
43
83
113
127
1723
2297
10169
10333
13121
13367
16073
181549
12112549
15790321
43249589
164511353
8562191377
8831418697
17137716527
3839331472313
17160693383233
84413238703660609
4336790831080504259
4169136946773000713270790657459827
12243864122465612155106392056552353
30645407522290070293105505369518259537
5727480921933726160775149554121427904659393
51954390877748655744256192963206220919272895548843817842228913
27104597605222620344658636930905719658537966922119059605669826321
337877578916451109551826690084138113568215826806759671600197573283128189996732994337020806931085618380830533924895116218186300957362922218373480981270225540688842227429729265390477577533924106939247321602977085224881940820295812977774873743954554119873
