3
3
7
1440847
7435494593
2651552381122661167
1351710731785981752792617
5609122817914313723820539
503823044204581129045587727
12917254515820483569633735619111
15174923558680812616818436353130417
240522700235167893496900256599634325263
3059193142733115700517893258221831955712786428901514318152437783
866140553743041477859225887851118773868045256339779536563782349481
529177431125391994148263290261603233036440186765307693329223031642369744376227406772905506829347436427584326665215609
129376507691725744595748290705208546271407168093058050928254336502170912723864740527573200735720539829207310891427582866846598937929699152780340582317797581643826170427292834080288066182337954200336680888433891576634269466486287019
