3
5
5
5
11
31
41
47
101
251
277
461
601
691
1013
1151
1657
1801
4051
5981
8101
14951
21851
30269
178481
268501
425501
646301
2796203
4036961
13220401
15096281
270332801
385231601
1021622741
1567238401
1884103651
2299609001
7834788541
13220653410551
157100602804501
345767385170491
2646507710984041
7264244463759579701
359006912765190408181
6884004098027167481469508147048501
330694239512100333740526418770125403301
14807776819440781028664663654371485765148925580001
9287804280685549211923407208585104624866061082613851
180751361367036342018769695194070185090225685928190920506935609998597222187109654580729885719636966832199192789659801
2217594284352613840803594282184822672266919035004774289398388219535794504462793032530305494556065551457212016419413264394352775192601
