3
3
3
5
7
13
17
19
37
73
97
109
193
241
257
433
577
641
673
769
1153
3457
6337
18433
38737
65537
274177
816769
6700417
17047297
22253377
38941695937
278452876033
487824887233
628582818817
27733723987969
67280421310721
59649589127497217
18446744069414584321
1562985901350085709953
5704689200685129054721
1422346738975853644793916289
349621839326921795694385454593
87706468640521797294901519524699649
442499826945303593556473164314770689
24616619374763459476215125737554777509377
331192380488114152600457428497953408512758882817
154271541316301150598792104029544235059675368229377
9117727397070611624749265805863414219812661583900929664013243247417418489214334542889473
3677056484269722937807027706903928978741725810890091763971733429025586784929458123827641259932929
