3
5
2309
3463
75011
92936237
2796392419
17473219453
132305774316967
307465524354077
13287439049014069
19564699409833266851
122931731283429211231592321
5994146517873302783552221009
31737398552447019976494669130549
34483237736454994688555469910052333
733682355979450871730022615216673064893
424542904202198496973482037228766792037254377244621
12718179682051759246113497917737977179875491520861650592182943455796655781774368662329
40178155219546467805860689115373148252663044401541473320606938794406170369832084325416809768171792935628567346566096749280321487002073689649
1079633141772892852450713464662329764119217100464362618290526362027911012565069142996396993157133020422681868025602819574600599624729277860300320636162145551
