3
3
7
7
11
11
23
31
43
67
71
89
127
151
211
281
331
337
463
617
683
881
2311
2971
3191
5419
9241
14323
18481
20857
29191
55441
78233
86171
106681
122921
152041
201961
599479
664441
1564921
48912491
219980531
415365721
6250631311
35532364099
494224324441
1971764055031
113571560808091
2252127523412251
581283643249112959
2048568835297380486760231
4362989211422861340320935785851
70180796165277040349245703851057
1276130308645500829341614664372811
4982397651178256151338302204762057
928267859145048237228203439064060384235841167452667731
31055341681190444478126719755965134571151473925765532041
222334604655717914069161832950735944964766593936802794491393517657651
260078892331205274324088366772886790199621606534384599607578416912079166019131912393708208277038936454393545946152508951
