3
5
17
17
17
137
953
26317
41617
43691
72251
79187
131071
295937
354689
936361
1077971
7698961
12761663
21886549
113478990853
2879347902817
18360250452977
83736716905921
31148444724976529
197766803208315851
2428691128313288513
179058312604392742511009
854096275589539341506608949
338858733065598401355195539629373089
9451749810136297910082728291533022318601070087253
3320934994356628805321733520790947608989420068445023
398410160527221094178749181184472290805236187881699426313
2500297813651018474635973904121215053819715094708816026661073715492884171532125268666981599065783704609957273372115555707122507435483421768194992493255737103220772921822860756491417336565967131770494368902444056534122617232135552843361353694058955137002512289519959761
