3
3
5
7
13
773
3089
6563
60217
92641
148997
222337
349717
1036411
3497161
13821503
35679139
769643857
1871670769
7455099975844049
14402030644704405877
313705683072406514521
635283689603233836449
1280761337388845898643
61654440233248340616559
187030532513381403767944747
14732265321145317331353282383
378791300027089635677652285973
25564774360363212740382247547878573
57539008978220065870296061153652147227
58789629528482972976195862506127739755393
577604328152374586516377134797712142371222569427313
20989618019408157907994274197973390265429038950846690852797503637
34478559847008252667865105115632594885274778766245257481539946813
22515432112225416692730880057224922174331279583123112381686532545779094349645216289214782907481695324873634290036151
