3
3
3
3
7
19
73
431
1033
6967
9719
87211
262657
2099863
5979151
11492353
1591582393
2779191397441
2932031007403
15686603697451
22763003975641
60499150497847
6834040335349578249140287
11053036065049294753459639
109053678968940302364939183451
3548950581098263559084652467359
74511568294243628863306502825698825239868474219
21916491244422443646590052166090498744029273781685367166153
287102885069112907858797891705917880320362291211398518571239342998599690848163865371401808988833
475957428390309220532911021869780187705391941994885269560203315295557428057066755427839043182168427476091234134439970593
6848918993733109926972201377595181866546474511655455846848109061848297408310581943802898952286309038920391487751173995996969370894994082117183047
