3
3
5
7
13
17
241
389
971
1553
3881
4657
5821
11447
25609
31817
272959
580837
25507121
856752889
2065304407
3555339061
4959325597
5106360913
5434876633
394563864677
17637260034881
5636963037465601
7570390327211773
69186562412120809
581546606903256979
1100876018364883721
99695503427255026561
3687531861438052950582913
13842607235828485645766393
1170711644777651877659556633665719
50455592168903227107903715726570129520096917
265523238370190187626688601808496584295502513
1453877963178138896046426642058339479766721357185952218845250161520480654019427312503941108372323925802584001
1216313562616098762135217698275265435273661229571120010323622445067020241751526057932838125587458508301234354287505270654943888020130846513681543622584944280714907012115205276689
