3
5
23
89
107
397
683
2113
2333
6361
6997
17491
69431
339307
755569
2611841
15358129
20394401
586477649
65780528969
106077807287
28059810762433
596720894582957
1801439824104653
708232357842915049
151001648162882539248423272681
492915077885080895226946001921
22905657983296866237629196250169
345452034724403761908154266484106477738844668414831610202655261317305351568009
673520317074926116144184536794996194749401401510328820850480400914672334194877878131921588518522416949566289523
325674558237213843009398640373206811523481318364207856820688899521108980300567959203223587876391251739969658077488747289524075713
1786568048644647901309020467710473424445519568961851047039567833325934876236244184617544148172314571330925516837890483766651953498370057
