3
3
7
9337
56478911
4765678679
1074456464321
97484277202003
1369379108017267
2742094407638203
45908592787319236096963
60459128773735346116971161647
936622732283266044834451024147
3938368118355873575102129530416312021153911608699
104172271624747746548384503060864377451510556358244794631358260793846207851
4684435266636161232578932847604331726884269415306219621279642876954933236537677535849040755779223719
15104657794732736115614310587939392907720927949013372316086220189370366144748468367769414132535609663
248694288511174075646563901643517213089367924469304625574525540845361383255561306470314741617386029467591
3437941283567713887289072535785942620017932582873967742871853695472357305999551048701532075302652766686503353630459
