3
3
3
5
5
7
11
13
13
19
31
37
41
53
61
73
79
109
131
151
157
181
313
331
521
631
937
1171
1249
1321
1613
2341
2731
3121
6553
7489
8191
11701
21061
21841
23311
51481
54001
65521
86113
107251
121369
348661
409891
468781
1736281
7623851
18837001
22366891
29247661
34110701
723447661
2400314671
7830118297
26959262851
1112388285061
10248564275821
108140989558681
145295143558111
1453324328230321
8925278993793241
339175003117573351
370244405487013669
255375215316698521591
5302306226370307681801
571403921126076957182161
720453772427518446437641
740520714452435045829181
43725552532343303477113703251
134304196845099262572814573351
2728334536034592865339299805712535332071
4897406518564079146139572699835240681611
265073872895903591765282835094842751905542652121
4099898234444251787794114104652433100148157431103805547783276261
