3
5
17
587
5861
9377
12893
26371
33403
1345457
22396921
60488093
12377633813
796088615657
498039116406053
644467520107517023949
40122362455616221971122353
13453890779540632945331892129844577
762551893101410166019390283047520363896913
28957956380769874950233378106381841334009221
91433799750097436823339479719705770866646653617
5402466692901024046835332786846625537686037295987161
1019957463112831021365901895382776919153462973115503801760177
396645227028138890415611220710757921643910743103031701971222447
3206885322304919693618771003569703909127546058637728536999768463428934273576755666832441247009580448895359165218273053528099138836729205878851579895078899847922208271871285521336970383345974886088276853904417841361116851951200771960641
