3
3
7
47
103
139
307
2143
2347
2857
6529
11119
37537
43691
131071
178481
236947
1578859
2796203
194902553
428417137
647674297
168749965921
10052678938039
18228580446571609
291438334156037699
403906782348344599
4080494539544536849
29111948248642861801
515878737178649880676177
15477225584568935651447216741685456162338995027
25806248225716242845491832244899635927231330561
2245714052771430777876143006786838979329549117936841
4735299062751047834629348947476766642710028552319600543
920854434270162822283216457951519800254804780099567201431071
352820376398397979265099331984513647290394257293220676543507835019
18459253185733614380934388815862084185941390533129325220234423164857
98290646014336142767441265111077381937929560275733866928271124115615704809355542610599
