3
5
35221
554129
2769467
2926783
13658317
2434616217281
39483330766889
13119770765051463547
73208283304744901303
3728298863422039632638351
394226184349830246792353594915553669141480163076208147970769
58304599029582814346174509784805811323612591021863318902938306546239131
79700481573792089991933884278502015980406487362166583968208410611454698961420697
28981531265700436474908668605764037292283479533071482196860868875487797459833848867410473799526014756969233
7296091998331006862176472076795786955466649660669780453254758955282799088636332463613918504982112194304549213961
15232800560506598732705841312609453253141763354469251324284205104092339995432215546886155410230942751430019262039222753876477573808589660318296127368507558469
