3
11
31
251
283
601
1801
2351
4051
4513
185651
13264529
2391314881
72296287361
165768537521
328006342451
461797907949997211
10009431316533167951
1094883804311836270751
235457374510092115086834691
73202300395158005845473537146974751
5170712852551602215753262223559516152087046351
5153918554170795319759034290830504069736767291196886851
4650384055791287715318612314019533732871786340821784227432051601
961580157110187684257205548226336434195920860869822021364930979042561801
157577566919192682102132817829552675081556781375653428277321086032621906329759986990843305894556800540288522812621005351
2054169584332129218700501849247550353886631908850079119169006492464800624108594135102455236373700118144893695714668439151764413273896502712495731902129401
