3
3
5
7
7
7
13
17
29
43
97
113
127
197
241
257
337
673
1429
2017
3137
3361
5153
5419
7057
14449
50177
84673
101921
258721
273617
540961
748819
1007441
15790321
375327457
19707683773
25629623713
54410972897
88959882481
1405628248417
4363953127297
4432676798593
4981857697937
364565561997841
1538595959564161
3040410389842561
26032885845392093851
40544859693521152369
5091542821206332688289
2741672362528725535068727
17059410504738323992180849
265549217634074770386573489863592827112366481
6225705473971244034925408772395577890626984089129137
21566694047156190030012960957098417375263164101421409
33725933170854542422930854135636663761123331227599520852573351371057495391835351809
58693755727744825443995323040350236199984938027767948255554673801961765278813928292652490231165838210929789110401
