3
23
89
643
683
3775817
5960329
49504078597120643
84115747449047881488635567801
166419727156424727241892848411
162259276829213363391578010288127
355693251295001123842782330386351058608227381732783
18086003974039700834773047458500121168169812493765139
2015660787548923454662590205621123886970085761436021592942859847523108465523348455927947279783179798610711213193
383003969615909353819681798280650929437977352050577143468078740580511567309417754555240304080098692276212404033162240609995534471278853992121177
124304327306186416577861696290474534590398512615030484846820397754733762470759854846802968604305590298496857045022940421311032153795834039803542931806656636645376897947751510828001673931557575194188464040157347269800919937
