3
5
229
457
2357
5581
8681
49477
95419
174763
384773
524287
525313
4813309
18083479
36064471
59512561
83489573
715827883
2147483647
257756820993233
422476522225569289589
1078194849524312993921613457
80053417704764542865180196315461
208431792655914668791053468894512489769379
2023706519999643990585239115064336980154410119
1091803431492504846832486277706826923179735412515419565500865043600869499097193
1363513392978191135736018344773125784835722102211913963639355051056896705852735103386975412732016027769
4561215850448666876558177506234165594996206631314802376944819150507239898947101517095511035128364630882630659
1665848233888270660763535488533880852994717958934809971812961460599992396270372253562923636982401760249238137841826782165634289147641457
