3
3
3
7
19
73
263
787
1049
25939
28297
82531
4744297
36093121
51118297
58352641
182331128681207781784391813611
7237497065445543055003057643920459
10350794431055162386718619237468234569
433685074806886298028919267117655888254843
10909426047235017667998633478885601105094202777
358481631294404888613030634349490904280996785041660793
9833304614455302578430964280893955512223415028355534287
175639552585373358307268617903286656284026269783398738412720155379
52971487719297043857348476822653629219080056542936837274761432933594323447370545457828497960999708594427043
18059737533831967628753030600494923685239649421082387578586896639176863286167339571925769429216406074684318389417289697535247751267484581593354711595487217253706145188154757579487195161
