3
49603
59051
4742897
11403737
67685946763
196834168670106625096599487
199668911054466914791190422986407
9186599509882727262279760862379532536049
1808422353177349564546512035512530001279481259854248860454348989451026887
97424992175763507877707709291914998778015966147054584755896881783255837016412999374281145264013986049748696515423136622647352488174403160324612550620242636441380838851457881913863524385273540967010429382172447745964801
527069565870796789676101401347821516993430209208657007525090001403656322801880837357541477919961471415661692955164903749417255089446921586710169109722181046546565106938252829845560419001502601720146131235750786206181737921227779654152369225804623504592359068896689182821710028910864570393
