3
3
5
7
13
4729
7487
21277
52009
407791
50070703
1079423677
37614046069
152874915601
197002597249
304292056417
455828392477
13852613550949
1348959352853811313
8588408897489780521
2054021544734875175323
288302779237362754213152217
251951573867253012259144010843
171742076613580668857212300403179
51480369709170501304394118553664009
4439178610498750562265662801306566979739967003
3862163385805798697201354795194661512726441364448411929
26828803997912886929710867041891989490486893845712448833
174867466060060999416742842499654321718542693713234212410772663347913129995561
491520739753705342411404745699451850502832390064549409383863309885291021149029952934812506517
927701611035392243771813127127397103891685719848882103485113848962936182860818392833900833911
