3
5
17
149
223
257
593
641
1777
9473
65537
80513
6700417
25781083
184481113
231769777
616318177
1202741777537
414581855009107748596797028667339521
20988936657440586486151264256610222593863921
31474859175390153735107856059776876864094488913562623409377402922304455233
6152896135288560374679945371974689688835168151742564408104565373600581564260451457
7857910537107244650997379051129365156632153489653285061191534178529543993418529855775986967586885057
12950447645752789565910598938447468039341495784369526578996180792796668223013435564912308572804675332582990605323810478048628325718241767083350736998388919624103893270862791307989406241419577466000643467548739465553152480056361632381678629463107785562100111834713266134916323650902280576409555841
