3
3
7
11
31
151
331
1423
2371
2687
5531
12641
49297
647011
1415681
13664473
202029703
5435488351
16203007441
115150116391
1113491139767
18859377449506801
21792652855138681
23728823512345609279
31357373417090093431
201487636602438195784363
13775694692898492184744709216599873
3868132159624916546905272573063237265865977199403213448652782202624081
1549947124742313956602636352657736025245229660818980496353711669466396289933045071001
47033341043524476217057462384524309924269360489058003489046694415687644576407006664519499040938318231607734253389197842880246651163585290369738773389983211923401
1204121634254241457419078996024050770490184190631132630204978434891366126257548378365226094032171330236720004756431130892605864604117022245682702541222486432346847455601
