3
3
3
3
5
7
13
17
19
23
37
67
73
89
109
199
241
353
397
433
683
2113
2377
5347
7393
20857
22573
23761
38737
42373
87211
153649
235621
246241
262657
279073
312709
427681
599479
694387
4327489
8950393
33975937
1761345169
2931542417
33057806959
98618273953
155399494141
311712063697
4712151755917
5292250152949
6215074747201
8463901912489
15975607282273
138991501037953
242099935645987
59008134786334273
41523259994275786297957
14973866897175265228063698945547
272007548484389196113813589140615077929661
170886618823141738081830950807292771648313599433
277122598884572475987115421160411960915959497148103077473
5669586229480120735856356719714111819572775485914444634179633
788665950001479674650705813903186632356777925726120062399203449921568833081885177105857167806618988123915663929402035777496273563382522049
