3
59
83
233
1103
2089
13367
28537
306763
3033169
164511353
8831418697
9758744379744403
600619547820455607135590639621491727
10276876497295959142374278224747317922211821032760703
1153730964706431627139878066780618593463800488418672203482851243225600754322670172662332329330916464959840891314524908812677889948325017248931884446112182684622862176067028527812354130705842344649977490150008156958400977344379438543492053240998831471
250081271101202037976072197632621064478222715005989814324971615457958738128518668177375972749070690481876067271676677417575906346707800897258510433174984155371359776557084413325239431295043874479166067559678170449213980407109011216510313506944738407210168529518680509360354522026231467238979294807423592918683307
