3
5
5
11
29
31
41
43
71
113
127
137
239
281
953
1021
2381
4421
9521
14281
20231
26317
34511
42841
43691
86171
122921
131071
199921
550801
823481
7416361
23650061
47392381
823679683
62983048367
131105292137
536296539263941
2087022330866411
69935987114957671
7226904352843746841
9520972806333758431
26831423036065352611
143162553165560959297
692218280897365325531
18292898984156916156396101
165609143561652962744166091
140869566130074135405157253141
114108926533277547114950395876303650748750713807456121
99405172698491052036213280949468938090897764734943018098727448753589491133614402824641
156976201468970642065664316120765286713599373793130986508130654226034754720680193933255191
6217163545095457460425526455672838546924574008247460892629718812398045012407315640701074838756845090121684233681
