3
3
7
2383
6353
13499
50023
53993
202471
321571
476401
1819849
5877983
17414009
43247593
64339323043
427329609001
66809564696120553953329
274404635931475033688839
10712613085162141902489577
814132872808522587940886856743
1234904213576000272542841146073
6597485910270326519900042655193
37021310507568514045709078753457472746397308843224255251382376361
310129075335492708621304716369363457088647744180561067907483529331484160990453225414159
2987700923630097562980586992334019407474107496457911519874033978814696991281878568281932889979331
16326352502902938077821209164769142739921015234642685452737214024674891571739874562443493789094368101063
6488855516387758047783108616235043210130706479966540073784107995269862901361284623441660830796154322268718245117609
