3
5
17
257
1193
1789
650833
38369587
12961064789
14641916303149
86656268566282183151
255373980342366346612993
8235109336690846723986161
7984559573504259856359124657
27243386602395588437243602121
11011808951971745915313242336927641
15255571944415415288648558322393974819898699383244253308807563712097988277253338773528334738776116890765433406659194077876452761306660938631937039831301337084783756630152608542961
1024814030348827253164172690417879375868112314549914229783864298004121816034195323539218754738738197257042099112350690136372634970998775454667677818896502400957174087576843406899103994751651855290138480660123673368600788052944656173108311583938086201457646873026533362331761480609191068609320865089022610115150353914469545136315690497
