3
3
5
7
13
797
2389
11941
121789
1162957
2008309
5066143
120424453
164504919713
244109159209
1445406523039
76554648784441
5153543358319177
1616721141393989482351447740066663923511303121
2099073106303095025303885460879717918033130293
4884164093883941177660049098586324302977543600799
1008116715344410461444141839610180239223178503751442552629
25827119250999351443374505513011778112393876592372931367907
267823007376498379256993682056860433753700498963798805883563
60570516193923733394771919567799250362468754686910132063656919221349712663458406709
12594263620775680997944097572742389790271497163187368770416979751640789800959731481964821194789929847
2218779067499582339067290978353010236951779059077095769276334837651692278800790251295975617420904006591344801089
