3
5
17
47
53
157
277
599
1013
1613
1657
2393
2731
8191
20333
30269
38273
178481
858001
956801
2796203
9341359
15595841
308761441
6542689297
14536633697
14718679249
19294368341
834490119087067
6339840806910833
36919357139916161
13444476836590589479
51441563151591093599
260242449712509916159
291280009243618888211558641
14755410932634657950998395089
1757744807679263833464910204577
122255024596887310384016956082161
20825730982886584878330561061323409
393345821366273907459718331839045409
552173839617265152659704124779513957
22263485343435683412693923533443917032613157943146077977190561
74501884005720267921233705046612300434042100618110806127512805905183882417313
169064635269932313947498165574829972750162731490667592294718952848168715519319937835637986599211066890428010941877054129
