3
3
3
7
7
19
19
43
73
127
337
571
4523
5419
32377
63841
73417
83791
92737
174763
524287
649657
778051
1212847
1697347
93507247
160465489
77158673929
3042645634792541312037847
11355690325205671380495907537
106788290443848295284382097033
19177458387940268116349766612211
109801296198740392094858844294643
163537220852725398851434325720959
29724614739876344125010817433703775877960388838436140673
122899168808744663588141025320026245511852609957212433417
68539098502476500342849178765232476276974878815092900810113
158158499411639789916881458651390096442967992847759443731141877011837994400765121
787686816377606886356314509434864924748696136231564258089208007694376478071044111226935727729217244481436190254036272419688729494973946632505919315704529434946584234932414183098914353
