3
5
4793
86257
306689
9385133
366994123
1922625936576797346329
16659379034607403556537
148296291984475077955727317447564721950969097
1703259075833567498448523116988575599211608508810887317
220116836861523139590966646441081657640475369403154266557075567803180941925678925655846764793
839804700900123195473468092497901750422530587828620063507554515144683510250490874819119570309824866293030799718783
1003680808409114406949200032072956722104424744224579229109721901661039865728718512577594050367253459543708620837468890154135616648096580401024205825548328674019263872580613
1884460498967805432001612672369307101507474835976431925948333387748670120353629453261347843140212808570505767386771290423087216156597588216186445958479269565424431335013281
