3
23
89
683
2399
104124649
174181129
745988807
447252559596639611
298257415638476586139
794144907494779140961
870035986098720987332873
2077756847362348863128179
1996742176615621275047178653063503969
4218108040611917562429786369962714155026225684343947313001103389074302369031
91813963997186450042000325434306899803387572650915546314657083631211579683182252113250618064390087211195046545091137889471987331297183324183557111860024216092939167174405691970696980579715404286857490400361507888310411940996635931
3676447618064430069416205341324756495484854550048380862816243767875469241534913935924521746042527001019748674074142886053055501998431677186690809406987079093353622148003940327069050157386626331258292394526179154174749435009181789729058911
