3
5
3607
7213
79333
685141
64863527
9293424294571360217
643390760896826272806925563059612685509039265031067456849993
322191336498946329196503049475322564558677154558189688098324958943433876457693205092709
3571063752373727959434120513220011301363863161567383982128636656862221716975343445451820353
55132269643416861808940702349402264919915041547757633769331818430511033108848146620408728664776308505356579463
297666782975060589791893277024611509655023147165238672662079633327109422297176039465137566392998939836163129724489087862021758664431320982795839065964536485408803
30536802126397470318316621045380679320016710749437614138354427185498918609454632260850399771632099800837845162790869881604751486615387687799155939954438820560378888817317
