3
3
3
5
7
13
19
37
73
109
269
1609
2011
3217
9649
10453
22111
132661
171253
192961
262909
482401
1460467
6324667
7327657
7986133
15152453
42875177
193707721
214473433
533471689
2559066073
8800285717
71848008781
175132692529
761838257287
6713103182899
9739278030221
1222087247486540569
7235072906255562457
4484273898055819958731
59151549118532676874448563
15704900959651293774270521395753
87449423397425857942678833145441
648168721774409511378116151410898673195879
238036191726442289473437174240498674032292286442039646843848246081071829
218296778680424803757800688187260042629442091157587489529855230993806344506271
51866643623393589231647265407808417382750627355685957476608635266657371561413858193
8234078865303995633792222004471417194292870592825268861512363368330697836176678582217453186616309
