3
5
5
11
11
11
23
31
41
89
397
683
727
881
2113
2971
3191
3389
3631
91961
117371
201961
48912491
705313841
143448045841
415878438361
3630105520141
237090382248281
420675542314507855321
4036962584010807014809213
11054184582797800455736061107
39806400007517800928189621561
715726621375769988310557612811
1786393878363164227858270210279
1339272539833668386958920468400193
349606207461841106437544366777324120641
470055724908713162354624693928419223350920241
360803084812996454792157750493600042763764231072068795228648897917296768813403901316256813373475420361
17517466547607310599009306939528959387593709216561700361586073331386255464447876840304507153883342296636403321
5448351236315742026827470749290138552538510376598571254569437566703575251869691806410089694456327608528590739813981151
