3
43
127
347
2423
4153
730753
1505447
35374479827
47635010587
70084436712553223
428811722403419167
155285743288572277679887
1643464247728189221623609
58780455620284414376363105246593
2723152052646845975712782486855365259098683521
450883186269134249964766015681562947901093411513
949069820276033023975304810210003652256537532875849280361047558773702408224321319905041817046722646615406119144131634045991593509759464658580998859128828389455925582345409475580174885659
22320900678421103972190276526609104471043978485003889035819440046733920954389304466536169876587620446414503894251620196518665898388979789799160703047905730522022897304093759519404870455907232846579361288223084284477929067700642507083729350770786239887938108573327954246912716776048765707431
