3
3
5
7
13
17
241
607
809
1213
9697
1896781
10838917
12753877
19736209
112102729
9491060093
5218735279937
7432339208719
600503817460697
341117531003194129
53425037363873248657
482601694398006137569
2793938563264652590777
95100512443200474214163449
4126631533969610752526181761
77925614902328634480464127349
845100400152152934331135470251
14754644078936966997167297810257009
19112684214957755703306290219340140859813072336321619
1512768222413735255864403005264105839324374778520631853993
588943501843708599443948572545716455743917429442946085514657968934735722314417529833656361841
2508358374329514408208641803273247561345765760475514489484506210967802108547016981321551058704418719221672944657421154828370304861394989938899883621022842944100842330364040607059145778740334278193
