3
5
115331
7889023609
202769117249
695864724733
6391568743817
2366069394177173
16780869326776069043
1622949422129340362249
1956783675173062584155810896697
2280045643161707961300003580011036179865373
142061366373466838976870126736192084529788567581972935261638677786736545303496932385392586871843
15403835953879173962068206058299265602737531886153737492481382867963001285981734564522264468576268553949122452441
19350370572424185455314002378323318922940429483322651791752166751691440923969086180557199732353808498909523315806368808957967400341972655455924331197109127840857
531137992816767098689588206552468627329593117727031923199444138200403559860852242739162502265229285668889329486246501015346579337652707239409519978766587351943831270835393219031728127
