3
3
5
7
7
13
29
29
43
59
113
127
233
337
349
1103
1429
2089
2437
4177
5419
14449
29581
136417
2745373
3033169
107367629
121793911
536903681
596834617
3692022713
27920807689
1020353649169
1602776802691
9810958633253
9857737155463
898785760385437
22170214192500421
96076791871613611
158160486299350364173
175314482313096251408712577
17396456098240082242545082771
252715814615565962418688965855731
21645504555681139560493305558155803
11348055580883272011090856053175361113
15109165329245515231985834925494692879
21597468549493958664902504331670645757
28474083676894571496726280348891354240661831606009
1135199898082249374691145198891272539453777861033937
16086815316499827472365485208334357981931315800699584898530365449
14453493602648359351679337170243274415902172835854882261750377982524518464004758349128307090437
