3
5
53
157
283
1223
1613
2351
2731
3761
4513
4889
7333
8191
21997
1363753
13264529
7484047069
165768537521
140737471578113
821546524439369
36753316833775394448156716611
5956817740291023640024859734331909
1609655415875897360904371080437164611501156560743
38954799470098707550322754822902552371643630493051193
390941529316414655423854492083019690148253103500590794058313678419233
18797763449017866397156606883029501531283255813059467117896415330479873
70215922956051621713037377195110638684576079957295845924735328290270267776117780526372201309
3744736435870999956010796884744886554946884079838024011697262620272142353192253445173330785999599327809826959361039
1544765618586051049209025065667574991740181816927650765606710738553288518117163004761703961063645255873243558743492088981
