3
3
3
5
7
13
17
17
19
37
73
97
103
109
137
241
257
307
409
433
577
613
673
919
953
2143
2857
3061
6529
8161
11119
13669
26317
38737
43691
88129
123931
131071
354689
383521
2582029
4260133
40932193
315767521
318194713
1326700741
26159806891
487824887233
1467129352609
2368179743873
2879347902817
27439122228481
737539985835313
12458723489217613
238495197879143209
373200722470799764577
224117436817833122635777
75582488424179347083438319
116244395157193581337282640791798084114394917399572436767868837818708235649281
39411625826240006195144917158397118808622717439663209922866994733025361415592657869325317153624161209612886683422721
248928572781979655164343947017789964032556803562703547086270702427780243490112862816533202443165947669781301494334260365663497778355907439660523774191236603790320611064489069685346279592428787937
