3
11
31
43
71
127
251
281
491
601
1051
1471
1801
4051
39551
86171
110251
122921
1036351
60816001
113366401
21821503201
347833278451
4363953127297
4432676798593
37747185231001
13094876492852351
34010032331525251
5387708103524891201
15162868758218274451
113591256042443401951
535347624791488552837151
826879209501691466620175201
50647282035796125885000330641
27874420794178105304819717062001
43577956560659729250250688550974383201
252359902034571016856214298851708529738525821631
1413450645314508194433350125718137664113648595922307473614591966444751167268343624113337461572271339700128906715351
48818726655897770641455878487748213160746470454662689135946560205862130761975165372714832599895802188562657735765552596834976904230654510968411861545885920418567678080273987228148028543615390465371813201
