3
5
17458241
18201416023204829
44599476833089207
22061405182131487143329
332817722770314187794325446534549089
6288254243965628477636023561015424303471232712386461634292714267317577
1801922029095939478476833454693778351487548861849843826803395409273797631392047578214271011569276359421699036882003
2290082526100134480992198124951512750039139339635155094272008280546850886939008711730865851616722892614369047154769105713048457413017
4848958981993710493724177958101828229984641082466898510325509992639309547157221556434971599209645511182360580438245794181257178185170699541
6798566308054618863226729043871598429818791906906008616952884968965165566218908707061280028942786735567620573615483003373156134599037061786593887711927122601408878992751613525311147213
