3
5
17
1229
7369
93329
254197
1021697
14608903
85798519
201846361
1249678499
23487583303
78952752017
4315199443523
302756422009117
17803984478124349
210708825063558235331
104098941490565575247641178172348560863433
76490150923395684178472404003401860286655314439889
112177476474470525577861298937835338545723093134076373561
546889939021685433057736691102762671948973556024580503929914710243151433970315133
271885316735384769356658727680242270943326918322953117867239160892148300364190187739939188647406296127245999778557863964265460385413953824390650011473199397924046057596915234543654160672729047666527587516841812571099249442271331736091592514700002286675655982122612746897537776297605027886243351194225273941992181809763903858689210127548363083648789772923832302058926321
