3
3
5
5
7
11
13
31
41
41
61
83
151
331
739
821
1231
1321
2953
10169
13367
49201
165313
181549
2940521
3887047
12112549
43249589
164511353
269896441
802333429
3639939001
8831418697
12982379401
70171342151
61213422340181
6027043735173469
13194317913029593
82777720757144341
92757531554705041
177722253954175633
758399801407611361
125965976976392564317
8334342179521862957161
3427007094604641668368081
3655725065508797181674078959681
76401557052661070266405340180269721
263624505862979562002392918766778961
4079916010527975130254169261381019387581
188089893911024068187126343999359519615500901401
2125820563389437533390243893834597846757304863651
8759670529772752737051943766670044656597070605543606897503015873725251877401
1652002057993962666801602568279404931755117071682907143016015810954006203235436921433735383908451
