3
3
3
7
19
73
823
1097
2467
15619
187417
7663507
188994241
2017223347
2707079449
27261904199932321
32127963626435681
105498212027592977
32032215596496435569
5439042183600204290159
647923469936355993348337
298291609560028759691116319707152042481
453759531730831495724142631449950368405723
271838690363933210241084381681447888858375859
15044791318037026238169386216404775315987652932738833
241777014709302954850239652300043393011478307432536296651
107173948745573135996661604708123541081889853034861349823168496271474062325643140750364886295798439729363
10816232728441557118915234090482501297511543956995270175596058137530388549718867286559806775474779554487782175289676490449943536702273693676961916525211447523954910998549414709290012035793511899558253730932615419996225641317057287713
