3
5
4937
59233
86381
68954123297
2549322536147
2322817005065617
115551016025898845629
7367588575848411802768597653205046693
157751978115225385495647532421006478127229405644601
27507403322030377199658665104409171465823376047109547
25030363534817185101957125006047751030454874478028239473
6828519750766734356393222104746037438762841641726469993132504189166732581463128027874013
523658988250941454827749991066570917924438977217041075192065529270930096917847174076075738646198636418885115736029827
844128455869220390432964719493514618402640004425573909495498148095803754815792818296643067760548829906291314807571121271
2026369123595988810004099506521517256894109398982031647011433553666968990885685718054513626017408660562661279638376640792313586236623725014497438823877
