3
11
31
131
191
2281
2731
8191
15809
174763
207481
409891
524287
7261801
7623851
10049443
355011619
420778751
444017081
20187566881
30327152671
6459570124697
145295143558111
402004106269663
3011347479614249131
860228271135820240631552893481411
1282816117617265060453496956212169
11961374462243472872450821823618071
8408151819993901660322569030307566961351971
213379941663827592701819558102368170760508803
3626473586576751083780403983608455133977911408340049347534024511493467697821387140935005856997984102516090366053831857932883641038207904254471933980892253940953095354611
986822524270259038029442856603131479017539061879143269693254643655298672729041882779930348203236386556952533811039037039080913267017370445522191492677572820689523704171765730528568482417454393256593030898071904893721
