3
3
5
7
13
17
241
619
1237
2473
15451
41201
454849
667441
17325013
40151873
89620507
520379897
539455909
2550183799
415141630193
2400744384937
52317884766401
98277023988499
142500609730433
55089582063217729
68545852036177507
473000157711296729
8142767081771726171
1953272766780718501831
3976656429941438590393
117070097457656623005977
4091102936121805539709429
175922724879833801876767153
46599659711047809652593889369
7521737478732572053581227840017636545169
6395375588121100883440814657083560825282870457413014051377
6846308393020964165241534187187578280122560160805821004078877538585253503361
47896961533916863615856779314839479189067986746626176525148929283646041763180791379834099134204079949930156966733883449323607238837156418062345297800386471386961925973572014804302267066163228320396974113
