3
5
2477
103993
110183
284741
114519953
710820995447
1219416313117078333
3514735575983823378579684829
3067278206638033914936070060979964425377932183065846430361
255320754650506021612832628610018497830593052490577162112797
109378681671075297195692480234213908123642560192251038455204252439
2751321679640493318511403371083489813237959229444921708307683418293994785983237263311877
1257388159910804265763446600825278256318012249697661907431303034629811311740864601663325811
576735513593459498091224888775105070536100466874272552892992673568274909599171018374973329229033
12203320867410510188380523611734609089956226029533122299908988086065903907487610670650694359762710901
253956768073164214501297023118206917309861082669993582450697816383242451115365529071170420452455686291833
