3
3
3
3
5
7
13
19
37
47
73
109
139
277
829
1013
1657
3313
4969
18217
30269
31051
79903
87211
119233
178481
246241
262657
279073
318781
853669
2796203
6542857
25069771
624456487
634569679
26785337149
168749965921
1159185064537
2232578641663
5415624023749
10052678938039
42166482463639
70334392823809
93747988411543
5521094269128307
25395382141805460457
185541553091188485307
496817081109150685921
2456272191118273489065950317
37197178460594497252645353541
55128155016097727617011127633
3173270838240154999061250226081
6113142872404227834840443898241613032969
3173992388626664064950122306645081235260579355090590681
2751471927250675803997960029212747063792197831435631743363158238779139269787256021849179673077249
151600412804448693828935725470043746255271677078107433578265849830416678473176943809055552143959292140742342533305582049
