3
3
7
11
31
151
167
331
499
1163
2657
52291
116201
155377
134396921
1621324657
13455809771
470933694191
3028917598961
9202419446683
23491533621481
130666175908831
57912614113275649087721
32367218471375835379289471
70816756557871433816484601
46782247616476922972329742136208001
3388098290567587377052016525627948593
8241594690167137359552274418432855740327
262868549485977869071153367391265889903103683620908031985454238816270819685799271
50929180793846693291417995382274682032538517912143288980598150164689406520921833577411
1928419635475117602195367749373062713744841999753881443337557769427749248965902246656838407248741220409515592293216321
2658366024072316071283605271306685136002288416078245485963216698092005466161432741639000036366938852525972998511846029579266855740464537064030620854136001
