3
59
233
431
1103
2089
9719
2099863
3033169
2932031007403
77369128473070697
244677788770544273
12659727766698640577
276699163508776968689
26748155488299460055590417618630601
161391234598523464727026956609522103493838535717217
240151720000409222057226903936882636825369497476210365675890807834061965626321181619459763438229332716565215683310454270996345511934907880846924866930844515070322514449369016656784156509234770249927242159207133283765954203069467224683184923795062116545422318782328003
11490981247887611949249453071153731935359398367183247023929919675885196729932476182923360873837077791818518469500252991823751536729382581756577663023375096519137380478304889999766072199311716023500327032043072183924909342469343011956658036693661017749421003442509037931838220049077327
