3
3
5
7
13
13
17
53
79
97
157
193
241
257
313
641
673
1249
1613
2731
3121
4993
8191
21841
65537
94849
121369
129793
858001
928513
4940417
6700417
22253377
22366891
46270849
308761441
792584833
11342687617
11601852289
18558466369
23877647873
21316654212673
9155841480185089
715668470267111297
18446744069414584321
78919881726271091143763623681
84159375948762099254554456081
13306320418205909319940605309019024034703545187073
5429763821127695456343189670383550559822714742244962629280671332889595070466023912228194433
703135063886107310322869668180880900631970395041438633085656587740154733922499375339477804972453889
22281816803845903937962733080326491291356267934513663068103441837499399201122434244983278452455033749836267361335968893879632788638628529986133424637004589753003414328132457814844182329057783572637771475158017
