3
5
5
5
5
5
11
31
41
101
251
601
1801
4051
7001
8101
28001
96001
268501
3775501
37177501
229668251
831172501
14321535001
269089806001
619324035675566251
1277297679372570001
4710883168879506001
47970133603445383501
94291866932171243501
5519485418336288303251
232983411264923603130001
573759820507018639639785001
983262166270913562877993411320001
633746672116596658276533517443227501
18152902839291497575027462639977160832701118299213751
246053469753590746981511859818675718355368494592178751
23072017280360209143853190404178284560740949254655131346786858037350918591251
167151693059203651258538223678521800139589649629368247829683865124002155584217612884019447563002501
45712845832064476909251288412537780542141386629649967711230003222863831555000707453689906421700439212068044560931077031315106846707799052501
