3
5
17
5009
42569
681089
6386453
10960009
1933526201
307168226569
338431049916629
14787970697180273
57363423644587057
3857194764289141165278097
5959358935984527488648293
2322175421309476510423241413989040437697
26693012026551688286164949958620483258358551879
15122794963477958801767628736641696877820044716621489
16604357881937225238424512575661123150885173218001655977113
5562466239377370006237035693149875298444543026970449921737087520370363869220418099018130434731
6836353800683046229043850146092982833134958155971841235286969041287102966453170249292864064957446156804754688944426688367914001153941978326409662029269846205862321175782599177939098004666630092844024963997797034679515429123580851314558441741002655347404099062096166511241310694845367850291124908021609459464991956081
