3
3
5
7
13
23
67
89
229
397
419
457
571
683
2113
6689
11287
12541
20857
32377
131101
160969
174763
312709
524287
525313
599479
1212847
4327489
12471031
160465489
2039731321
275415303169
8857714771093
42426325022797
89856878697433
94803416684681
1512348937147247
149832750683283097
3066290411598855013
3410623284654639440707
27290812893120485231161
1937385241416564065603093
5346950541323960232319657
1607792018780394024095514317003
52711923798002218687534164008761
8778523027466598416204656058467252273
97816902852991765949068317084025791019
341782452940154906609821749692729569489
36997287511549004440599388408744754230660993087
1303924271843917073922190036138554762147304815595643977
6051371764147963908301214884833532576398123078871325413
1067447598841776328421379252558671843882665064605130101887661085801377328657400410374119913
