3
3
7
839
5867
20113
5501285641
903780021613921
2155087459317166459
5800422716722833271214743
548560489336890960473978059
10287968884341772230096159036619433593
29919490848598531825060153417921002916701815927
292428094739132929741513244710611083563101534177825755897027537501772075738091
2753192056785826041774953998664366212868352844567590015364783530001198571176312822543
140218822707485169044055428988288042447908215432246815852158858072198555895717462599488300190371
8761734086406183633120465109143296895545062008875786359519451147482288844544400195418180819118892083596800970689408552904350345455215086115947
95104664641634609800154256518573860867317079178865069306413500599311890983951570555628433762809812588992469229648040310840190220549044002214914874721658907752741167833
