3
5
137
149
223
593
953
1259
1777
26317
42773
43691
131071
332113
347209
415141
25781083
184481113
231769777
616318177
2998322233
31438035163
516036294857
1614575158577
335199740796521
43980086132460853
153915445879303058138548677064819441
45470534643405479586527115047619453123209
205296815265168567756164047567360097447247109142889252157111
13247640898191993635882333868183025107726815859285731487950046819912806129
52821782696857164897993147210568922475999614730932718986145423354989114333191153125418561121891978423588101175850373
5776224670946327887167061155296834704817523618913292170736531762647914447661934812813268904618297468251452545181281360350843
202391023407225681794615256965768289286087774094547917827258447102891319251335420715127869543187362219036460777506377113516303967022865111837907877
