3
5
328121
651193
8309009
2530111867
4882057097
10523982032237
333628015107245479
83188534509828089497
474640860193534882628078580680807822523991
5146968159739687966527192489855797859822579298700173
18715723417348972017502670850275415068812403108132161
3398821468769513009149820053450777920375320076485292879863194644227656481
18588489900929574934476648358751621926656271298370048497888707768243765413208918177406491489
249125861310291586125710797989904209165694601157214329912105231226398795497035739722559861675447895954629
1620548481010275363898895155989794753810228737902130507523229809266829518746728119520681690865691068813478696823059270956957073
56272943145171606416041974272779967237377245135400982739236727888151415549771970573866251017208467153984404288129453336803370700223
