3
3
7
4211
334639213291
614002928307599
1313310230653921
32983076027612611
1160237874387344563207
96394828074288003368359
1157691342224455071488341309913851
239225235836952866057924877133502443434512337253336555372669048486051772478758864009435466688009729
12996623037294014057591212988182028173802393910829199191218499846140826287303581583005154159743906016002531
105477174364660213001398418836665157454142628135269589858363830534034393714037677904028864102738500463452137459
8819779591697258388298117725624832271141577326602771028307143781815455970700534027206522451123308835472505327249
28522672164622829627575030374030197153314069461150364225257286599127532180111709568670873139355789096228277709323585415475855701722016808524383796618317463083885708130104497747605732353998066087
