3
5
17
257
317
2687
65537
504337
994769
202029703
286297736737
1113491139767
381364611866507317969
201487636602438195784363
604462909806215075725313
329206353952848706811958574981534811137
471211668918301561515489208246219513333426679953187468148445645729
15652605325219818652993083172107461429783643502979960839389487552451781198261880337
514032034228747931945571962470228019101894473686825197910636442532520433593399910044880487939432413264840902977
14721760665031085696057169714480626736784726241650941807738593613537713842142160474090839125622058895911584120084364828771410681694238927352972238164530181770746742717078413371418002355767448052557761969259200156194094419197519996969654207125186289052061962734176326267783023892878421967881287901485485634670662032168702106282497860795393
