3
3
5
7
13
4643
15193
9878177
20699101
95110361
2399291551
5344743097
199061567251
2629065686029
17689153588009
18455044087121
60272956433838849161
60560850681938908875991
9970146666059203361408046051199
22481127512575175864234185190299
20884355027399074643422296325180908469
3593875704495823757388199894268773153439
3126092185651464401289035764906947922212259
60377696324322249075824028749967823864613982859609
178325724886188112393573476458482965256782477560753
6920400848110359047653995057624941367485834954585997077
9529808687165728591711663516941143639597873342901420501897104082445189
1154875410944026313240444067223964536168936371124342366313272376386677973122363537241
833133922512264080402167723600665670628391708609729547618954974696349866168680199439507308365995179215712997102668751529856709
