3
5
17
9511
326330579
344759057
491981122308467411
587492521482839879
637996501286702584141
4105902567209832582077
768239607105037206095941
4868122671322098041565641
346021592050857587799867500257
545106175245719003523001266221110757
9815639231755686605031317440031161584572466128599
108949095809771517125302430496978608561882505209357
554346309198841189738200247725749800421156685578702545439230498849139
298941067172116242013018161976220287758940207010187982689542519255618338111022526941987575876962436375299334040506692549155088644540540697039864045429610545810091036000379720409386010732467358412022042180253039154747635487923612099809354934065896722533672704656225896959398454303431054821525299629219864483199340021919247501915740909028405274266947692719904265300859395408883937521
