3
3
3
3
7
19
73
283
2351
2539
4513
87211
262657
1681003
13264529
85693033
4375578271
8919953281
35273039401
111349165273
165768537521
6596828416459
13409665391953
980230389772951
646675035253258729
2000007978762572383159
1617189999730415801728461273583
12411417364574583679997770272311296704971577433
231040241459039762810316977965440508233433892245267
65822575300775658772854198368766558032903129506601623
4054639296059452870934086739488655609338850043863103127
241158858171883059466688969410187157879210229879717221093613507
27615284399532427207463573124149317864692407142310645111636136115411725229422422401134720993160493150546120836040363333868878160730883430521
16759354794116382126548640487565749171438234281397456063337266262797310755823205495622030701926460572271107805135399580486816070597060256489689191
