3
3
5
7
13
17
97
107
241
257
673
1697
6043
6361
6679
10177
12721
20353
69431
207973
13960201
15358129
20394401
239372593
540701761
586477649
1692645313
229890275929
28059810762433
208306541869009
1801439824104653
971476396313002897
10920513604018498900801
30007459254393181618012897
4475130366518102084427698737
7971862004867103303293462593
20946001591429012199281424246257
291722737109948490183187857446037548026124538480397861084471373829887391773162449
99335205800663868215396640964567095667094665346141013294320587365443384719802857319737050495099341955640963272958071602273
1412606147655230035609749757045883011410348061052455775911374205062706834498706120386020329551458639490963165285042317426850136107530818996642165885287204893294094262125867601812479265356060442863561844717053571217134839565884384834986278733771137
