3
5
29
43
53
113
127
157
197
911
1093
1093
1613
2549
2731
3823
4733
8191
15289
224771
225499
665029
1210483
112901153
19707683773
23140471537
25829691707
31945881241
41202153721
4363953127297
4432676798593
4981857697937
153925026222241
8861085190774909
556338525912325157
8573192048327176271
6044274266901603399200353
153472677405951306470238401460959
231502300725909584213682219976961
310920977816255460039419913999757093
22734546382983841003979491437223900758487279
1828732136390861007107341430206741295203663745501269
4865853589671044882475767995199294334748858748304194627
1239452537550808288249079720930413534943035207894657500153070319066681282243033
240739006533447963957906284464662374998976756832437206308450431707508423995797637504481
48105407494401854815180896421701484709308128989976542840532100336328094896531179264227386417
