3
3
7
11
31
103
151
251
307
331
601
1801
2143
2551
2857
4051
6529
11119
12241
43691
100801
106591
131071
949111
10567201
91362251
93748201
41355657751
1133836730401
5046718903451
418562986357561
155245018683330451
9520972806333758431
26831423036065352611
51366149455494753931
4780601420529202899151
4229815106556286351075051
5702451577639775545838643151
4308204827941820023589554231419463051
10443388337470493382395059803087717465056821801
4777345536534924905725989065906794483551790056167373849557595739795782900601
2069237502716464794985816105550982396339012259800336045348830659287429006970383760001800897298401
16682002666861572221423637402296740786359104050543050451328975716399162932175954734974130277442135136214651
894134572878020778660597173890418978196990537917795444762073483875117053209359189463568558050896647500055251751
