3
3
3
5
7
13
19
37
73
109
569
853
1279
2557
5113
17467
25561
66457
102241
189997
228479
266677
1396429
18369973
48544121
56409643
148587949
212885833
4999465853
5585522857
12660182389
40524027877
458731140013
472287102421
13952598148481
20111008087273
69779014917427
2849881972114740679
4205268574191396793
84462210560148142953097
8970948423964301024591994817
203525545766301306933226271929
1329628131546931497103420134367
28435302301212461494420074814087
2646185328486854129693169911139349
581211581673454706767349073071710126567
438238903317699710918209387141854166634457637249
71992868104862874131923047022493281388902219014902053
4856686864845032704799031665030860909072721381346530375665783654750574941128789505171
621757348536131894542597175262527644752176030974769497547158343362858822160945511798904611136098826211735539655738256508297
