3
5
5
11
17
31
41
257
641
61681
65537
274177
286721
414721
3602561
6700417
446960641
4278255361
96645260801
44479210368001
67280421310721
1238926361552897
59649589127497217
3442404051886487041
3288416281349499632641
5704689200685129054721
7771646317471635593256655841281
46454107161999112389551048616961
94455684953484563055991838558081
2715862005931406599419575483412481
272693971663300508935482867377449426442211453531320321
93461639715357977769163558199606896584051237541638188580280321
524635847938112176040548626359015641335717319795577238127219153509345963788958780049722044676645411841
14191094928861729354632794784359453530766272388483470630640749997516301975718182185383952074482272987191620639283833223611552403398557254744732256618611655764640534639276030773614629186872325691990517927022484926268092195841
