3
3
7
7
43
127
337
367
5419
23059
51241
55633
33282089
99889819
360770593
616898857
57461778571
768614336404564651
2305843009213693951
37201708625305146303973352041
1340235308854811506044205739394787
59852053865074950059030679473230729
1157682023025313436817704340503504329
1772303994379887829769795077302561451
5026638059744684898569644215486557551
86993214891586468024427579155688177045163877212649627
32599161877302789289075576911955243092385921174258348134509220487
45388918821243922076531264049185505868800192485507712713181818563
2706665872062984576843279125462015437617845709157069797103846576549111159
35560193412972319062061768261639727517478499914167548496031688280584977077562191671059223282469465959
568551418028019918193752696225139851191784770947146751400128917878542496454333132668261665329863220961
