3
3
5
7
13
17
241
643
857
57781
154723
843589
1016929
4209809
13012913
489620017
9512986513
9763322857
20636399209
8174912477117
17866285599391
23528569104401
87251820842149
157500130135806013
3396103766435902981
166125681371619629161
480625710015394052365153
5718761969788697451457489
1260176658389613436649482957
37866809061660057264219253397
84115747449047881488635567801
162259276829213363391578010288127
972936622655226027963598183896961
3698721685503753021667958012760324601233457
992005069953996722026755979686303668059315249
210516800089955301807292488792588188869650399862249
750305988172977439124935900508680523429897046359842693070433217278337
2350070806566007537212483298946577228993997211640202078666761203863322737
481485185213456642415187252941102312616508576210934632942755068052061416000388670146709486307229377
