3
5
3189281
7981661881
1081756861144651
87010881757473495441157
60610810647695095186609057
5926025872693688636842717229
26300074501301139029607543064193681
289139207177523205725285870791508089
3904558412002350377644918739335472321
4402566526102665951110153162164451383880029
5462126032610838322416094048101253805830098277
119392378583983810147806636590501132476590273301
12529788792076691488407634347736911440882018705955009681769
22532429052605670225026391054393428833168207234802434915090881303620353
507909591297683949138862971271266635431758872031092542127980551589004038646657157217329569167343063743426799521984799
11246989735554169910157052118627590986643787374620111293830755124711418757847078660011780338129937402867290511782353261797653343087702232067804018869158792761807711427900179441953
