3
3
3
7
19
23
67
73
79
89
199
683
859
937
2003
2731
5347
6553
7723
8191
20857
86113
121369
153649
216217
599479
724153
882883
22366891
71477407
6156182033
7830118297
10425285443
17286204937
33057806959
158822951431
15500487753323
242099935645987
5782172113400990737
141968533929529744009
5302306226370307681801
1065107717756542892882802586807
8340357737139637289786276330761
167833515549285827885461382441449
185074846248319535013227469188526344689
65851026290472988947469257924231828019269601
5421243831056685352970617400882224189523156449
5325537259736914639383576920781597593249222547570749857
2054360211201957057958582651600829342396864065189196712949605467496820391328664453611040835849496900629901817
528920134009103196379980596305064409694379617420788359792518710165265801463003583243013993251598291584370866108659893346418837979456673239
