3
3
7
863
3449
43963
33775747
36238481
76859369
558062249
4642152737
1807447391779
2612439750169
37452571239931
142850312799017452169
2785099025023674408523
2872188207377461771538665660896328005417433
73475684245644536575389673549407942112577575745833
1807482391092819529831423005040763105191863029850140579776353298087457
27306093454857278136151466787158724903415193508113091644798914026250805107043994199261467851009282903867
862957063918978084059668162426274997250142502405010824138165689963681823352084619604823853954772794075295399271135697391016444264858802201363466040579309652151819118896970577004136281
22885916019013870684780823812103215790562520450887078940697459225594064493227480393048764730727113430975573008955632397743584436374400979854298627506814739744335626253507292178334556062102895878327
