3
5
854041
4570409
9021769
9679121
144563093
932184694939
303303806129303896428103
631274089492376226672399593
11502383762931955619183430785983
36484622801212335399694058664718840029121
56723969466541850064753687381641917461377169977
10815039536441559470635312250928870809871470998960770818491806050149
731712466489221534367281975421345536474565953377641910446355832301081
172803353799572189249788598530203678893171252012604993715049463781995845099
29307922565312016177602876538535303242036351301379160379360815405433230596154977919605727982403
5520892726037575422778927443566198575488546233712998751593111884607229698680175849210737811254045543786744722800872261
167394614336255622287892974563562062279515450939194955645810372698957070837766887487273372150456980944216508605805295762403884169162369962423
