3
3
3
3
3
5
7
13
17
19
37
73
97
109
163
193
241
257
433
577
673
1153
1297
2593
3889
6337
10369
38737
65537
71119
87211
135433
246241
259201
262657
279073
3618757
22253377
30433969
33975937
97685839
106979941
168410989
209924353
272010961
1164777409
4261383649
4977454861
38941695937
278452876033
487824887233
3718266498433
68016300334849
134921168163073
138991501037953
1174029487714513
1824045366145909775041
524833094849624730914401
24929060818265360451708193
19232916593977294668066826822875947264358174529
7311824282729722035859309520826138827918372038863677678267962656996811009
4310500811590110373680321883148441662769860394543817514762656603162260887009
6395449963197683660797965152890968885103128338439966275531063813829964817009903573048295235284460137652953905331224660015039028556759268908187961146527246698982541969970428152229305050424175103271014621909049491649
