3
5
23
89
397
683
1181
2113
2833
3541
37171
72689
157649
173933
174877
179951
649001
4898653
5521693
72103901
1824726041
23952086159
104399276341
3203431780337
5804125093339
87425828424449969917
851030708304492139579
248958833227314618649866043
34418203155300430111979265857
818628730903681592844771088898401
2025620548964486290862395942912830055105112948209849
32767281682276607841188751225918476164989874850468463300473
819970464042161352481157718788653297669362879784338503792605454968981049271980579376098770241714408503911683570903309
3700008265010484376181140059002735164665618094577260273009727474953442430219036282100642597609582698411614761090487936159280023273
5429533351511805585006658722730752029745418618994929389155633015130320430509567021365360669288545765302272826886245986653265463131015764805868334006968185122233
