3
3
5
7
7
13
29
43
113
127
337
373
1303
1429
5209
5419
5581
8681
14449
31249
49477
62497
384773
16233337
529510939
715827883
2147483647
2903110321
951088215727633
658812288653553079
3926243469330528571
4611545283086450689
20873617828595205913
6268703933840364033151
45165123581794832079829
378428804431424484082633
776729668507005203702993
139335546032913681584758997
1191622782866437328993110351
140508608590164280225934233098866842745808905947
867988564747274927163124868127898657976489313137639569
706208464866823625847762978542597463702615124802481240296947317973
2626317528364475422451291074871442782545497447474562640041779493971236636466847
452128630586427253420129535665784730692170055878478616839979751622808021494068716066378841
6731516344085463231377831942179313208116314790623083685990812032214212777679380815788095578281535691988213181
