3
5
5
11
31
41
263
1049
2621
104801
597361
4744297
6911561
269665073
642811237
2745098189
4235167121
83492003741
810791440841
5119890907438001
2576754528566814601
12450751815271172041
308544695409769427309
351182936972570824983481
15034628622349725327496801
52900187100851753648745461411
182331128681207781784391813611
10350794431055162386718619237468234569
17208429584639695721394569191520766721
4578376497845545742407987348754758713076681
15333541100090824437129533485272856744656791
213732345927036277063342078342573605826938066316475164889831797001
729174731427897251051954114733622121078406348064141039844865694984938301501
12356361811255150342737867168302434491945676054103629365378279799384990255121
37852713575044072442602976686477195340550941627646038832217033875268367711014773838107321467695623514451103009738932743894597736848801
