3
3
3
5
7
13
19
37
73
73
109
293
439
877
1753
3943
6571
9929
10513
76213
1013533
2298041
410801077
10178663167
27265714183
371335727233
704710824913
9361973132609
649301712182209
5271393791658529
9070197542196643
671165898617413417
1795918038741070627
2762194134676763431
17543368071267913387
4815314615204347717321
9444732965601851473921
142406868765525436670617
3278244690156222434135906137
19227901911638437904095974997
42185927552983763147431373719
229746997821806461949873523193
18478609113710122023550126425157
781335393705318202869110024684359759405179097
470185203187672012006568235896612104123775064532112813111803726113636470946841
4443760534821422128026152394837354640016153952337101897983897504758340208014673958761172929051181
4441995751368686360414408727712997300350230683734857260221007937253405331876493796344839979541422201894479487378393481
