3
3
5
5
7
11
11
13
17
23
31
41
61
67
89
97
151
241
257
331
353
397
661
673
683
881
1321
2113
2971
3191
3301
5281
7393
8581
20857
47521
61681
109121
148721
201961
229153
312709
599479
4327489
14736481
48912491
89119361
119782433
394783681
415365721
1761345169
2931542417
3404676001
4278255361
4562284561
43872038849
46908728641
98618273953
391249826881
415878438361
514210163281
3630105520141
11035465708081
12127627350301
13379250952981
2252127523412251
2546717317681681
16875081675650881
2048568835297380486760231
649817602852289358605542163521
86945388997210442828259494992321
127886114126296744221796660380215073025601
3959230115153309849247403143218625469852321
408366574882937448121335727135953165832656645121
860573414369008969457638101533827364704684164286188824383996871471626764468219429432850649798234488791036977295952185305281368586922360240161830570497885830241813162641447900350702795124321
