3
3
5
7
13
13
53
79
103
137
157
307
313
409
443
953
1249
1327
1613
2143
2731
2857
3061
3121
6529
8191
11119
13669
15913
21841
26317
43691
47737
121369
131071
8401537
22366891
1210509821
1326700741
1001115859537
2291059412513
4714692062809
61231726987393
180094835025613
6670914925963435577
3569375451209989130113
8157685667174285670949
290503998449524871186054641477
1118498440898880562062959177194663477
1139440451841756774164983271590070953
2380142106509122200127345885819001687213
4507513575406446515845401458366741487526913
50364519526424490252100245502573432106654726491
1817023253798585112376955621635919346759818823715057
2365454398418399772605086209214363458552839866247069233
1856555589964674948442884023004996001595992877664147370081
794848656730261183699896604513541946085000444947963571261039
28027699602909657254578457463982501177480794841910647096887392739979701778700734081
