3
3
5
7
13
2677
11597
13381
16057
18287
196687
240841
247531
454921
1466449
2916841
6530333
95768689
219256122131
52016435676012089
6912010464887165201
1469495262398780123809
4340301546362831119363
22956667268117433010417
182224921317852297530287
596242599987116128415063
5150313398606574060240971858429891941
2705981985587527191852752325795076108854553
20493495920905043950407650450918171260318303154708405513
80980464454106978256638665141825049402098249769075874996220089267286367135046437859600120800311261
56377694445208154141927654613855613062927113955212040908548454699046039020893338370875013074480485757794923
142453214851009124378099897532172312583433956914474541632456432848048989381236579920379218575796308080313112697
21679832418815511599117917211954398023847549127135741161635220605421028131125561630236430850572770638033201097733412607477257
