3
3
3
3
5
5
5
7
11
13
19
31
37
41
61
73
101
109
151
181
251
271
331
541
601
631
811
1201
1321
1801
4051
8101
15121
23311
30241
49681
54001
63901
87211
100801
115201
246241
262657
268501
279073
348031
617401
695701
1605151
10567201
13334701
18837001
29247661
32040901
377204851
1182468601
1348206751
4714696801
22873797901
578348287651
1133836730401
49971617830801
165041853060421
307116398490301
385838642647891
413150254353901
6269989892198401
13861369826299351
166242935471754241
126274316116265155801
3192261504216112476901
635558882028912657106651
11005385223331102860132301
281941472953710177758647201
257340486574394500574603230201
1094270085398478390395590841401
2842496263188647640089794561760551
470390038503476855180627941942761032401
134140801860123003022669016950307743899703651
829249419095926623127018493137897556317320278494190701
3204463548752589209197376298431645135133579703093826615099059138886261772546256092425433601
