3
3
5
7
13
5449
108961
297371
4419691
83132849
694512857
4010501617
5661492593
26986333437777017
3454631579714210387
4565795412500725128240734773
454357377121357798252962690889
121090008650245240545321284919376582913
9447623200404223747744805461919020208953
962744903648208108713898832235090314894033
69982170658265444713117545258712031103399659
2393102462756185953833037662530180237989024296581
7992177738205979626491506950867720953545660121688631
2108728466430066008721288692506415323467900073343968942243
414844668701390437033452127726218978205480862311554062592178939
1495248534514142522725713655946758008313433751379919088823926933276083374444560702796609
6902537314868528928592064072776405259752901898281447036002004855019689272630142411673519100423
939613758194911061587154788869057253148049053665557765558644131189264968842419437032060904279866389081
