3
5
17
23
89
353
397
683
2113
2729
5581
8681
16369
43649
49477
290657
384773
647219
1434929
9968113
715827883
2147483647
2931542417
3770202641
35547685493
1626518693141
37368615235403
1565657514926957
63029775697163441
5560125493425335999
1141629180401976895873
126901141805369975317583
499160294557830061662001
102671532071844990337672376582103112849
1444211137344578755413561460184550803276100931567
652060403161851726235867748809849779192965840395553177
88001338234326700695315986455482272586355782310144188047003818403
25605147876573068161182696653712385335440383473799378310437955068997602312374839889770664881028698630157950250952614766310918308210725928109954628849972943232755860727063328822780629199043027292080082137202083446040159867361261180548076119616011264831516826890816109808899572816708025102432142093047078837958828284489206449711740058192006206948235093921
