3
5
5
11
31
41
1097
2741
15619
68501
119191
189061
920641
1422061
7084271
32197741
472748641
27903332521
367116708001
168434085820849
226338814638851
3658147051099901
32127963626435681
105498212027592977
32032215596496435569
5439042183600204290159
19154988777052184768372641
42561594665463216927619561
206875670104957744917147613
236564778812552300459414801
83648644144524510111773141111
595327573072117530855161987820721
921525707911840587390617330886362701
696754212559281369817696705539549641141
13166248872913462314441528794261286918041120435881
272994033845190769952516834173641131460537974593214267709001
517260434919015355630799731102843090936374974606294123275441
73486196878999413086948188041901299132783400492335253965577982491326384853593467832181
420802580523767875237950310262820019135749166881960341067173726664556394738285561675988953259150250436976162677581144923361
