3
3
5
7
13
2749
6871
10993
1504073
5523481
18754643
20492753
602633653
2104809991
33074236421
84948746297
779704994617
3678659056693
6211454306149
59833457464970183
758260802584066297
168813603058115744761
44185520789894155033573
188496018199490595752269
81514868646704507393379787
175932323679511304414371921
979593335915791354913977669
145907465522510894726269329310477
21535805979875847804128272826013997
467795120187583723534280000348743236593
184943873651573640272212684651104959859232223437201
249735414621880169158988504658041221092146384320885262469877
15333417141003794339164342447265426158851946182451963484372297
1093977842207201066647336783642021150554589932964578600889000742260301721037
23122893068559620083520897911061756854062924897573799772499037716952423146885169
41788952991139118639110460647465055080950855027758632702923742575763463332284772733328169713812071
