3
3
3
5
7
7
13
19
23
29
37
43
67
73
89
109
113
127
199
337
397
463
617
683
1429
2113
5347
5419
8317
14323
14449
20857
30493
42373
78233
92737
153649
235621
312709
599479
649657
4327489
289511839
869467061
3019242689
33057806959
35532364099
40388473189
61262261677
77158673929
118750098349
2799652196881
5669488462177
8463901912489
15975607282273
76096559910757
242099935645987
320160637826569
2868251407519807
581283643249112959
392739971500511407081
70180796165277040349245703851057
4982397651178256151338302204762057
365212445341097287826412838353955921
3931002956111648245378728475226109181
126607782318696256632993980472661214946580740223139266153
3225949575089611556532995773813585269068981944367719218489696982054779837928902323497
11505104617434736568103403121113182529875533430292311118996938077679699945098691551329
2091671735412778357621761066865852219937389830607486842752574128957931215851033988599835291357560503915249721
