3
3
5
7
13
467
1399
2797
8389
27961
30757
135607
622577
1165933
1221853
3108221
6785893
9551137
373746913
1401190779823
53590752072775417
15576974348063186977
25336594975374725568037
1137139284834559382500297
1917765426328344646895407
10797241735776847250538834733
23482447257772948338207752516264041
116868129879077600270344856324766260085066532853492178431
352369374013660139472574531568890678155040563007620742839120913
888192486543339587170250231534633545752101759653207234833104273
431363930838247166144681198345396801161915589485642909842198653394751
49618718896736895259680788938188044683343272133007860102263201159254440550380902907602727868382813
331997018907154605105439627246768387410091148934183179476062496087540587425301679685209566699340444844716483
22980105201316048552953673759814688716732851940088258106155544388383281668335514650102263563515391738622348638850131228546240209
