3
5
796337
2983457
28812503
1649929681
1073825104511
4846812462461
9983923992673
15865578195367
40686928318417
121838283289093422546720997417
16494815758321902827664653884456105022034001119493371936617
22206681732300686559830164931393965396408838897922182477635701769356115170703313643368016416398879761353787885396721401460120094241214356289
127558524535675383756270684374774332045734549459132614685964576226635378461716973531314803851614125853743668678226534946372745304617998924275661418650053
10797458367259494854086860114087287149410378953178105314193416738173864371440489557956736440774695139495912422288616122911517991756455010009704385903434133180733
3506757267698915671493993255253419110366893201882115906332187268712488102864720548075777690851725634151321979237452145142012954833455869242085209847101253899970149114085629732127775838589548478180862167823854251
