3
5
149
223
229
457
593
1777
151849
174763
362749
524287
525313
9621259
25781083
184481113
231769777
616318177
9137976433
35284030283053759
1294046302848776287
11931812674076681849
283770297667037407865613613
22773621472604111191087721187593281
167823649475113693461122232089506777
59588714597816906383348767955828416209
109359845275145335982678774230588772753952677
51030727004139210232244979951672468247672795573
12642394631946542929101849281977237099471949976986814409149767309
107190529393336966967769563289730718564973813003358551965641353499711
1702342663248221044377653482114367190626147073756071660835729201918539876377
6056380708294474887002170015880329251202101123412053068577571687678326532712206357864665783841
131230186263995025446281321203459663051555644259619548715505179583891464672504508811561821039097541277226650123540190786059566048978061775320822176587990536973653661196470097
