3
3
5
5
7
11
13
31
41
61
151
283
331
941
1129
1321
2351
3761
4513
5641
16921
29611
606301
1681003
1768141
2708611
13042501
13264529
54865357
894434441
2391314881
4375578271
7484047069
35273039401
72296287361
87255998201
111349165273
165768537521
180846660913
328006342451
3059396467891
3357909154141
38425816980821
140737471578113
3237811125343321
6830705352239611
461797907949997211
646675035253258729
722501809616926841
157925605323676378629391
270097268484167653999069
421803155659906892289931
667295426465706396181651
985646939783717901699571
235457374510092115086834691
33869483802755570065477644041
73202300395158005845473537146974751
19001168479114282400420973057333130463856541
78836021381216549070403776735400310145996791221
992414235754765766430898315433354713553469007980721
1477919928270279119442630062647964366047497582510746971887837781
6454295903181807686705031076998087633227206653740016465477084416462036051174980671394921
