3
5
29
43
113
127
809
5657
33937
1463491
126729751
9491060093
16729032587
128782811543
5218735279937
7432339208719
600503817460697
1235319027785221
341117531003194129
53425037363873248657
132428074847639489060320753
700553271665826444242790841
1193378423730258892088506741
845100400152152934331135470251
1188480280515522386931268536269
3598194408030741269333601460682311
51903872795463977962670556595700473584389435543
979290663259342511569398738931332381010645147626228199
253962456907450961746222549917900702195410167300147212434005252550399765750064004648329997
252259792202567394944822868291124236993914364064096232588320394782508006030187465562496778644970103203889333597813657616865265188603567269160341216279419491369912803
1902478677125431890399350361439106316957006604821861618705954580455040356142430900095610730072340419030067829095537348330614275268999983370805417861204710738562929181
