3
3
3
5
7
13
19
37
73
109
317
1423
2687
5689
49297
151681
647011
711001
918613
2681893
6546889
6834133
13664473
202029703
1113491139767
41851365145831
228774951370201069
18890331057055511701
23728823512345609279
31357373417090093431
381364611866507317969
201487636602438195784363
271178447109422517655093
604462909806215075725313
1487840558911519281039078769
864328108984548257763049805767
13775694692898492184744709216599873
377460666468258956042387138512734907
2784647313277751541285980573724799363
2408840984250243046611173150925486103064449
19573690271784800408214873038427972853220421889
165881583766270315258032910858563450583741187377
1145067206868078152729043256244378343162779564921568853432779649
47591783889183587050052391057271783024314737650464449200277356693218501358994700342134432811155697805081
1812673578356600210879752096461461361649039879309187220192081088333809124445210070173665118976718279015582499941
