3
5
5
11
11
23
31
41
53
89
131
157
397
521
683
881
1613
2003
2113
2731
2861
2971
3191
8191
25741
51481
201961
409891
519091
560561
724153
958673
3426853
7623851
9467173
34110701
48912491
6156182033
10425285443
49267878661
158822951431
176510711521
415878438361
3630105520141
15500487753323
108140989558681
145295143558111
166850044395914881
249602191565465311
598887853030285391
4170165570896115649
5782172113400990737
661521349351105339668937661297
6918033884710380409642384916290854761
3117322107826553425637617573741351688171461
553563163604217823010081713465690929834638602681
20305423994910298448548284000861306574034631186781563199169583489977779841
34035382797997736970199755259952298632346110573810385789509359013021979361181720581
1681611781109317292260742601855192870737698627200468365709442384979835885027733143376899455909101
40437156024702109576962112690515640573348784018939257192870865875822732631168387328482154414164150624064713711
