3
3
5
7
13
479
1913
5737
40153
176383
340337
7832509
12417007
134000609
542487937
58392032593
77852679293
55009358369431
192663978663261197929
4633076102837130131059
32605142983704221670173899
26537037220992112785174856161239437662001
21719294766013521423128159168260255839743617
7110008717824458123105014279253754096863768062879
199987538790826996082414586220862745720625115339053303
348106277055479556523667298997810176594405634823028961
2269474963255693085711432948387582114817557263546457947501201
4765532479056161486266998639803409813623449440431151642518489610039529
883423532389192164791648750371459256584513952652893606156996040365965313
39782598608117015377610998540576053002944548577108639776058234638931514378900957364744848104464514229167599886187329
780437137578998057845399307448291575262878244279326173770048941511674421900523662965108755203876257395311476807561386644906100884433760176570369
