3
3
5
7
13
1447
2411
4339
83869
2640397
7480159
15594629
18829813
22000409
153500131
3204570253
5957570611
10411181203
76119208744309
131083412582713
1396795475757457
13423215628953313
15059828108442641
7130691407122243556677
102072660983478595344638863
3001693421814001736596239433
40881835819705394258761789777
985424889624923045657501064259
3115949925222900514664736941746248477210667
225486428396474227112409054380791819318562873
6653458157551864995630081229409043443058559501
1271404156872399287891737671484856348156505553205833
1748699628789322225794526602061201592428765761464111698776777841
160619474372352289412737508720216839225805656328990879953332340439
3533694129556768659166595001485837028996511802181406170435598282024550401
79302880469767954170877459793335408169623947446983698219122747945295318790747
1614622769810339154839085730143482994129189652685754741489629923813868011079685554461875922946830109639857249
