3
5
5
5
11
31
41
59
101
233
251
601
1103
1451
1801
2089
4051
5801
8101
17401
168781
266801
268501
2662201
3033169
7553921
107367629
448477751
536903681
1289862001
100217132801
244716883381
372933190718801
744935396862001
71425060534308301
3902095192430070721
496680955285030838701
49461103762004289880601
999802854724715300883845411
12004541501954811085302214141
245573800535260692993906074551
177457540153273192963355393450351
1161722671658351672809136367089201
1576422053186621557751857821413401
2679895157783862814690027494144991
3306918468362395868346324514646813146301551
282263510172056765967517214117240028635011954899001
56567687035285545626766259407689093973050946051397638001
374406993002698846719165045042590532714534185273682103201
79400694418664331852968752783562533762348560846718294611714451
2076257532368041858409420340603577378246382058553090735433094589901
4616108655563775739090699516490814001344516569625189595571638012139044206901
