3
3
3
3
3
3
3
5
7
13
19
37
73
109
163
487
1459
2593
2917
4861
71119
80191
87211
97687
135433
139483
246241
262657
279073
379081
3618757
4350673
97685839
106979941
168410989
227862073
272010961
4977454861
1855301844889
3110690934667
3333950193493
5917464834049
15756367092121
16753783618801
26129603777437
192971705688577
3712990163251158343
10429407431911334611
918125051602568899753
2310448606789649285233
216892513252489863991753
1102099161075964924744009
15778453094691989880197773477
765502929868482428044522560409
98187590104551794655325946978063569
1753477469677913202190537606674204157
664728004346558283448724389870269691211809
55894475953663841688207701017441795079906886342568547309410692965138470838377
393063301203384521164229656203691748263012766081190297429488962985651210769817
5464171612300447210727190275820165889191156988436383043169124086458367078939566066881
101213745778143742250901040788003424950068418098259161142719688891708905138274462262307761
