3
3
5
5
7
7
7
11
13
29
31
41
43
61
71
113
127
151
197
211
281
331
337
421
491
1321
1429
1471
5419
5881
14449
29191
41161
86171
106681
122921
152041
540961
664441
748819
1467061
1484701
1564921
3298681
4163041
7416361
47392381
7439220181
19707683773
20147473081
146919792181
2340389488711
4363953127297
4432676798593
4981857697937
6793177127101
10137296444101
306178659371201
1041815865690181
1372226516822701
27653710336343911
15162868758218274451
26032885845392093851
40544859693521152369
83468535680255056381
520015769408683617721
744298254317046214381
1008787906424294727221
2741672362528725535068727
17059410504738323992180849
1003163780973710788611449341
50647282035796125885000330641
44399394252774652151567131602624448846381
252359902034571016856214298851708529738525821631
631430922992211190033830999202698905758039480236241
1221939910890712567431451795717057972889510554125188184247355820831901
23618256244840618857212522155851714598259422753496906641681177748710460515038403366198473773770441
