3
3
5
7
13
13
53
79
157
229
313
457
571
1249
1483
1613
2731
3121
8191
8893
15809
19267
21841
32377
104729
121369
131101
160969
174763
207481
515737
524287
525313
1212847
2638949
10049443
22366891
83352127
160465489
355011619
275415303169
6459570124697
402004106269663
531455155350809
2665675660861389884202429169
1282816117617265060453496956212169
1824266557538578174916103390028454586929
213379941663827592701819558102368170760508803
100319871877063413185018007465640733935158188658416446422313
87341035411411371841151965953966466102952126244970250385834048606070060716959754108184194109897
291150795732906802034938145111190886627288918406746442843794866343586916500211826831231342021315892730515783564944421926051
306348113621139151890476907209968096287281782387722997453035538795443747920162046134390255634834352618277584534337503595424277
36683952889136889152526530902412667511683563919517203544240049677875697541195099497463550604292761211859042071504319524824656632461
