3
5
5
11
31
41
1193
1789
8941
650833
12149461
38369587
2639421761
12961064789
15472037821
14641916303149
2113854074762921
317596431444133301
86656268566282183151
195973382282821775041
8235109336690846723986161
7984559573504259856359124657
27243386602395588437243602121
8022560553172024220348389258622531
11011808951971745915313242336927641
51383124543331398511394411970333527291
13922047453015798095930702744666309471614785005795919241
10251028023288359200550909186563112045970133433063526108138450978318780572869256731
117749161734548097501740887198014996001959317981380088323272083317826479112205495984276604177310521
1913271974474436987018582136278143692858755506892144262135001671689195224412824270904722822185690996024584250255365014774657849689408664858642101
8365958808227808384097596499377341030267028705760376399920388012268635634106742784735560368132645527979967389375398886546554802199221304636536176436401174235894274034246448282591
