3
3
3
5
7
13
19
37
73
109
167
499
997
1163
1993
2657
136453
155377
842617
13063537
201920077
218166829
354854881
1621324657
2024367013
13455809771
41732461753
46202197673
209957719973
9202419446683
30495765703115017
148067197374074653
324965201690131831
80485166514184335373
57912614113275649087721
5791487405427228378717709
583117579691967491546961181
456714776565457776947610460261
3388098290567587377052016525627948593
8241594690167137359552274418432855740327
29004089048751837082775014755957683255977
255450160174472123250510265381182600544409941
45741818840679312017379519271107748704403832423168473151569948781073177904539243961
71901244651437494621203020629789835816395581794436018836334251775390087232955568362289
57472598955138290639536574997892730421049377466972570353357191361381677463259703925196914900741979134471392362417
34496745342453444817039264578731011283334300852411336570727768458411133501498552286451832685025097370302306935077006404386019354639
