3
3
5
7
13
503
4519
5021
12049
54217
238451
1307209
1563229
1912621
9421537
10212446539
57762875981
70906046209
95741909371
220116640729
1972386557777
38508212572597
180797717027593
178230287214063289511
41432031118658520623317
61676882198695257501367
12070396178249893039969681
45063180240128066017730357
4376690298097823998048670169409
86245368961389419078481015822433
1015015821796377094974033400280350597
15992518154179475674328213556857438690614816129
5058345723951854688505665428846313806490903121677364358901199128608233
199171036721852164890544704627574832150854157757541801969064449358992966275383576505709
344479694508930060721218839334068555164581737186334216108317346871394164500577416297529452312926012197
863218260980519005763915824855147314295765517543826889081011766885471679775766425863907913320356346097265183520060097
3414755859651215923296163342408096065927151835503264091977724296847033050922322353585108544492639313823009447708885657142139
