3
3
5
7
13
23
23
47
67
89
139
277
397
683
1013
1657
2113
3037
4049
6073
9109
10627
20857
25301
30269
85009
109297
176089
178481
312709
599479
1633369
2796203
4036363
4327489
13652893
31797547
46025761
756550961
2569737193
4103188409
9623862953
81776791273
156296877661
168749965921
407997301669
5415624023749
10052678938039
70334392823809
6994042018866541
80734723637871997
89841243813164449
101027360307659633
15555311179383169261
44261191624217967508561
132091523915211513329293
199957736328435366769577
83730859983591586460452561
44667711762797798403039426178361
2822551529460330847604262086149015242689
4890980423872252596496536675107089149541
621109541542884571802304568790331501283098925929529
59664168210926648575150972992085762219075782695855281
9138762477482175803233819882492079303177779082384971201704997
13401760807379286396179302280407577245033458566053684427401459701338953411
66060018768078882068514915840314543857274440609237251168154401305136486254148474475678359078435292711536864866655643519
