3
3
3
5
5
7
11
13
19
31
37
41
61
73
103
109
137
151
181
307
331
409
613
631
919
953
1021
1321
1531
2143
2857
3061
4421
6121
6529
11119
12241
13669
16831
23311
26317
36721
43691
51001
54001
70381
106591
123931
131071
550801
949111
2582029
3696481
4260133
15571321
18837001
23650061
29247661
318194713
965133181
1326700741
2949879781
26159806891
611787251461
15455023589221
27439122228481
253190737566001
418562986357561
2109936092650831
12458723489217613
238495197879143209
7226904352843746841
9520972806333758431
26831423036065352611
51366149455494753931
75582488424179347083438319
5702451577639775545838643151
4251553088834471719044481725601
33141833204828142196706150379164851
358689400191468213568189014966376501
24710462787135943791475548268920478656481
13854772173181680651901626546855984966582610663321
248874698438226985948262801677583907882912640924946896364438952961
112993216763723572293509811422126922278036735923954184346074567839714750801
27114441376001634978955573621759309290499573081114532534505305002578255791764403844101991735185701
