3
5
36913
77836643
86369467
1508116661
1591805393
728725553653
9401836358059
602141772875227166401
487854440461236965376721
6123566623856435977170641
43125229216737082272194634000839865996208236725833746045943422097093188432757397
29517188077834052170953044106221116308570020923227835420631391002672442490073878433983443401456573718420033869129668081257763337
736733277281602272597319321214031796144024068366410251287548291392259570272794314090093001342596451595133086144058843365013629333464915335715728303031159385283835550134447566273
318546066432510864421008240940953964550146359805454160170583982749610782139649800826799605008947296776383497027214615205280760850363069110188256133177326304163304017678312995641260076490527951071647
2825320553542811338453922512627473596800776933366283884385660474535981108931024483323634409022213342523091267406883132075555727004564633258635938656738042030892580522304633023825392843759162375812611328621954057
