3
3
5
7
7
13
29
43
113
127
149
223
337
593
1429
1777
3109
3331
4663
5419
6217
14449
15541
17539
21757
321679
6433561
25781083
26295457
184481113
231769777
319020217
616318177
1398316729
2499285769
4345052821
107775231312019
2035259884744589189
1453030298001690873541
4750535347861726648681
96786396648673403672115546439
1456235596904319041738812533139
107636344217840413139193500838915409
114193878466223527772144221955949216864968539889
21234370960880098806027750185552713706866970578963970119
9593963676285821579895400611891812054374771943664575363659273
1396099655816209040897082635430814457429299016552082514363486485025543
144503915610954855961692347046869026249384512406523677617331725527057582499303726753040820696185082997575648293627641559597093
2045542665137096778364207476490643456949245852908375087727719195067463259500883058813451080439090860318365666443084194143701481
8382989531058490246120661061538332451211140832526561654945945880363580280577556477585808586306843003684634463079155502865075667331
