3
3
5
7
13
1579
23671
92051
119929
731141
99972364781
5609685181351
13572264529177
104530192048153
29261114397558193
43195464658778477
177592095535805413
89278383816591944174173
255944062723386721566481
274473195338134592222791
585608533119706764820561
748093847626791888666559
80181854738775471107692957
120226360536848498024035943
468320479654392916258882359560461
20389292512407050043445124186439967
383725126655170964501315730676446647
4279318502765963680153103023323603817
35467094651948541600331422014320230649
2281789702931966351864875967159638003063
209464891971049544444372157566739020805493
1417166531794063020614574963888832947461232595441849
1161625406204540347970098063703363946902736086742697099
338153229347093487293402061645864051641494661202651405269
454254766474142297107148307196348245835031512111204444128928371502081731316905357312472083914793661
286095749186666567666745310636475270375038006231795002473977898495966028729274270541284598524695336002693548166690380712604286503765499
