3
3
5
5
7
11
13
31
41
61
107
151
331
1061
1321
3181
6043
6361
6679
10177
19081
51941
69431
184441
207973
8088331
13960201
15358129
20394401
24082141
27087241
381199321
540701761
586477649
29324808311
229890275929
1373040346921
5284407007801
28059810762433
31213331016701
197748738449921
1801439824104653
107814999632867521
746485083287310097651
2422984469411281887781
593783678966863030035641
1210269871632394075226641
30007459254393181618012897
4475130366518102084427698737
7971862004867103303293462593
683607720175140192010111693752601
201688820345166703893586973361548041
33716583668208510447368101472499412321
36614110124735294634435619027766763481
1007715965875748226745472989687556259131
47565948855249030607648469764544867603199396453249495641
527446984991172193539137457584264930155083999307210552218163127929738891
83287361253140513607686438113892322074948598266254162328545603775633566400495773487026687063921
286907046163163757424486835141888954626079914425458195174373438200921939344176261145611475682317574468979232833614978133229351
