3
3
3
5
7
13
19
37
73
109
179
1069
2137
3739
4273
264331
3344977
62020897
78903841
928574737
3401264941
6565668841
11221454641
16960539007
1539976855861
28753302853087
1790799748670521
18584774046020617
72911451369675792637
3441291221723107683457
138732415594618114488007
579017791994999956106149
3945245703312222053852257
14170974714403144763101597
123794003928545064364330189
618970019642690137449562111
24124332437713924084267316537353
2326974010504075618187561564812777
10038055841545956979111137292020661
36045123652756854086648245551969409
14851642607221752942766012585821135190909
7993364465170792998716337691033251350895453313
23487972660406446845443784560326651656336761292054169703452672484634641
522580251659951527622712978723575668291198992116816431756124044708084497638507735734560224869
30090318422649098367345674833710002220724133734552919910024822514556417922274484220646526249355067
36407550745342357544734782367798733865045108504739956755227534204532793675802811033229377399226020385371405386647336558804544410308713
