3
5
23
89
293
397
439
683
1607
1753
2113
9929
11243
19273
2298041
50219621
78366377
1384018681
1533745237729
9361973132609
649301712182209
1808418581560889
1795918038741070627
2862083701562715653
9444732965601851473921
214863145125509028597735617
903888164009442693590288077
2762339998302448893880313142073
1482338506032222870906022459128577
1582991742710084278080709342080113768006251754223232157
337779774700456816455577092228603627733197301999086530154776370553
346129173115857975809709331088291920685569205287238835924196565083957
30611670940216155775277264255973741298537924835583562152998366043535373254802678696053890431300917122786367385609551989236875922711232502057
3736466000478735531744529269910404686590249432806808172410820028453362377924954475050904726442027867925638633713537193401016499086945743085700506306097297
3423197779767032454333548946282010943685553618034569068004593250364030282947141183955308987831088702724243552165703783298883841912074615674036301447466850334286910584312908398287319654281
