3
3
5
7
13
2153
3229
5381
8609
11299
16141
416413
2621137
2771239
4273873
13822297
502502761
30701107729
43932915373
1633401082697
1868171919242953
369345192417701052571
424255915796187428893811
3918695179304214327885157
185382112947811828276076281
122575221550682354302309961053
18630342702315826557199328264881
466047024627224480211076768171369
962643846199733408565200877781060429
914570427675304311896510460383772935570463409
898904260625884249027566123577814531679366231253
745280352191786358209397071708329198285057832384965565161
8277389085448640628497252206869143392591458616173329257239146349617282131
68625988504811774259364670661552948915363901845035416371912463477873783063
24189626680371563374129820867201421780608079636464598578565543547490812645489
65874097117553462819662068177668389112829710046967924024832629384173989112396305742372401507262347419086227835229
92305417851236773758187001276904991441004832226292982967386157974676884358296302489037698908789673402780112396877168012932339190104672007306077769
