3
3
3
5
7
7
13
13
19
29
37
43
53
73
79
109
113
127
157
313
337
547
911
937
1093
1093
1249
1429
1613
2731
3121
4733
5419
6553
7489
8191
11467
14449
21061
21841
86113
92737
121369
224771
348661
503413
507781
649657
1210483
1948129
6224401
13503673
22366891
108749551
112901153
7830118297
23140471537
25829691707
40388473189
77158673929
105310750819
118750098349
467811806281
1112388285061
2681001528674743
4093204977277417
8861085190774909
370244405487013669
556338525912325157
86977595801949844993
5302306226370307681801
219516331727145697249308031
275700717951546566946854497
292653113147157205779127526827
3194753987813988499397428643895659569
21494973179303913190133458460563964459380529075838941297352657742148160962406273546512257
5970453949573139817294936212574360466431907432053441009805108206395860704052485299426096220101578499809037470905923641
63789836706567949766136952229280060459548250258629660642628652432292700491771878325595427834374427003282339057671722851
6418051008690773710524670163051357809032184240790774832260967890957271152109391166324848543095874341000861744928895769318431729701
