3
3
5
5
5
7
11
11
13
23
31
41
61
67
89
101
151
251
331
397
601
661
683
881
1201
1321
1801
2113
2971
3191
3301
4051
8101
8581
12101
20857
35201
63901
100801
201961
268501
312709
599479
4327489
10567201
13334701
48912491
415365721
1182468601
10006979401
391249826881
415878438361
698617420601
1133836730401
3630105520141
12127627350301
13379250952981
42217104570301
702948566745151
2252127523412251
9115784422509601
18735216413769901
382027665134363932751
225117233926884384606401
1905911178138824081520901
2048568835297380486760231
65966684197384718027476767451
1080528897710038815140945082604626901
4074891477354886815033308087379995347151
4108316654247271397904922852177568560929751
101249241260240615605217612230376981800142669401
164342074315726836781988740273689592246064114457301
1657154808755021818820630633083400618861135574408955395309601
12165128473686421949996159745139334880897838493310240239443413423112501
3793323745900631793671602131884715291207977052108981859453982099078015780480348251
78925749454959828754723376673943712142281233642086169190783507655635351733095756760909134597355735700263901
