3
5
5
11
17
31
41
167
499
997
1163
2657
11953
26561
61681
116201
155377
13063537
134396921
13455809771
46202197673
209957719973
470933694191
3028917598961
130666175908831
148067197374074653
57912614113275649087721
32367218471375835379289471
15188550561808607472738121395023341
46782247616476922972329742136208001
3006223089184160974265098123062699840591301
14767689550320172808742174828062347720350769
2915547797343721112173446482628529057775979692132113
70982860646842521026353258216696559196049790022985672261
115205237834020430889033806743707876697238525576287034805037776481
50929180793846693291417995382274682032538517912143288980598150164689406520921833577411
3576336818981454331571075360871064997470070833617855385160935813086339765121752931811574469010142489620333266203747878182216780378842054111065702208079417499937481870782313866956418730659849718333474953449563395542690489193258010649462393796534730832818289647589970301494933624986129386425438487539875165754005496976649196053238018479926464612312703587841713275834517821587607842750067256401
