3
5
5
11
31
41
430861
2349023
18144551
75005713
3154569881
7846415030381
44596548025921
27395325377910797
22625604968060184427321
2262086882766687062334641
18208260781190156536114609
819048171793389082617855311
79638304766856507377778616296087448490695649
62357403192785191176690552862561408838653121833643
187072209578355573530071639244871112681892570202113
2596102992439173192852614756601983822141548332436781
448754693506077869947783431530945364144164620340719368912521094515967066824687296377516441373639277194201459730006547250041701
11506184379482017514338132219564456895953941980841658093191259705561568837838397472848416675336548452966556767237566369481433312112229492979499505181
59609913969069810740791683261328885356693300992238763647073438106544346031660581890774370913059350849716157244157369339819489188855956711349028008084711
111338257060394146294269327304582718284596176877769085775194372306394551381794900564118047174375315120577744767733907164351062037336722177429703584595464045107962750924106246470422626195448815000914851
