3
3
3
3
5
7
13
19
37
73
109
373
1117
5581
8681
16183
26227
34039
49477
70309
87211
140617
246241
262657
279073
384773
1437967
4081213
529510939
715827883
789059989
2147483647
2903110321
119232435043
775844757937
85384915399027
833732508401263
951088215727633
1127316245518063
658812288653553079
4611545283086450689
258451922773648099179883
2034439836951867299888617
6444365376140611199022187
1159786009184278940605658153872708441955317
16876658717031589479860902742568825114336243721
1297451663483880043725856297294610187704362366686186248013808494382873
10291669822632551096226296729292632022880283534260123965238167965165863974099625849
13952926033089768385122550955253048040037062946845058206564090898886163587129933404571097517058053526736241129950476047432684563029520010563
3186418650378855816266192655911225553697020947121667130570638415384086800735996607897963726061288515062075095074552286604510989443433986867492469263
4284594612671546331876446100221191149230536945606964898401956713666791878604818114026440912489618029377732445501746652692837057986972352538741436595203101
