3
3
3
5
5
7
11
13
19
19
31
37
41
61
73
109
151
181
191
229
331
457
571
631
761
1321
2281
6841
23311
25309
32377
54001
54721
131101
160969
174763
185821
247381
524287
525313
1101811
1212847
4598533
5675149
18837001
29247661
39291697
93507247
110017981
160465489
198098371
420778751
848129221
3996146881
30327152671
275415303169
99463730244517
1457772869697961
276696631250953741
2416923620660807201
3011347479614249131
709018264240844065111
1491477035689218775711
23241389572585939528171
23480412082098913326841
25349242986637720573561
3042645634792541312037847
41435606371227835355919073
64326196787727903551977150861
19177458387940268116349766612211
15653990705896313547269237220041169361
158362232618940822526398920291451047671
1175622349673189452424511749302390882321
266769296207361395498885374952177268846477734112491195761
112662327875512312448286206338953839918447853551167124756114011227377881
68180657291921739253566060800081665187450808606894432452676226877326463990161076832037997787649243676890308291061
19036962187710948753860354495911445582707252411864854472167355964986198216760004184702774808493817372430008701190884018488910212461
