3
3
5
7
7
13
29
43
83
113
127
337
739
1429
1723
2297
2953
5167
5419
10169
10333
13367
14449
16073
44773
82657
165313
181549
2675989
3887047
10388827
12112549
43249589
164511353
802333429
8831418697
17137716527
20958338017
78390786811
3839331472313
17160693383233
6027043735173469
13194317913029593
84413238703660609
177722253954175633
4336790831080504259
125965976976392564317
4423364633142650480377
11306831838018220372427161
4169136946773000713270790657459827
32215327209835441806959889495947251
85801349062601083299583829920647817
11226524876408775073143033704082858121
5727480921933726160775149554121427904659393
209530011998277670096922500900062393290897233
51954390877748655744256192963206220919272895548843817842228913
27104597605222620344658636930905719658537966922119059605669826321
5006626876280190496416642758625512424067738181047826160968250705189421057250536688879283251582041
215369424157410570929919489294994521290584539766021822366750874856244089802282083250634773447349521
330701500845979393064533145942803398509205320645192267487343614952141738635659897122122756625656232354278599267846586576809985884140960909
