3
3
5
7
13
103
137
307
409
953
2143
2857
3061
3469
6529
11119
13669
26317
38149
43691
72251
79187
83233
131071
936361
1077971
5266159
7698961
12761663
21886549
1326700741
113478990853
18360250452977
67133458080301
15286531841496313
76087114479348013
197766803208315851
679015215511191577
5913950382316342222561
179058312604392742511009
854096275589539341506608949
338858733065598401355195539629373089
9451749810136297910082728291533022318601070087253
3320934994356628805321733520790947608989420068445023
398410160527221094178749181184472290805236187881699426313
11390863043502454932811494176805522322333679313892091082261899485723141
38350411151044053938126080169291738916458800482405483935438018190740632202303569628941
8826052844090401294076827366794108273702787530646308243223952361733572643246480983146146752534831641166661695553
14340482767255065042888874461447281665657618568403955307801829449161649217885759871551676575845291836973518918694824156270153
10935039603457223930026068138268212812482601727481911326232229911799266958341862951077343379443162529093392869819337559671165321303898435382582250258622977039
