3
3
5
7
13
587
1759
3517
5861
12893
17581
26371
33403
42193
70321
288313
3681253
22396921
60488093
142891999
4010077111
12377633813
12760970401
796088615657
498039116406053
4703954662078801
644467520107517023949
40122362455616221971122353
94031095460270951212691599
1465751310316457222898312721
13453890779540632945331892129844577
786189125604290817435554536817956201
762551893101410166019390283047520363896913
28957956380769874950233378106381841334009221
98809007760409286120685543691415456350976617
5402466692901024046835332786846625537686037295987161
396645227028138890415611220710757921643910743103031701971222447
22058216476354148174340292661422016859535838566235695959824441565750734320744258662775535748560023
849003403951025107371178400290628451475733861403775093943413707177293229571339646678116060928175141157
3188758478885470474295571185929558031305217689548635665449993279229538815559498269250255574875553049832290543029877706187109
2000855837923028645177751297799150906516677343632363378380304548456906426098236136976939135025314728005241521642678374653211943375546399670401955837675112165862433212556987
