3
5
3533
8831
10597
21193
63577
294923
9642835106981
21853773066679313
4675171089162696937
258777491057348926546569104663
1397997900714226472761369661333
959346768167962592178969793334891965611038761087167937
1576370469903203279973040031491663414039828010968075560583660537453
144748667744072540197095153836730132162311404874692206021273640791263948199818616404717
32610591877584563260288425343738846661722272404710973724427520447587686470581538316932773960545621248352363865216668947669
10564061331846273110498618773513568180096162091805360936133942001516343464997579981675602588989865910452540050413387775511491928283098169
443863831326542584020317023592602458976184738286563439813696497033662511606494382446876111354608315626382578430394796618282635752589251784923553130431442003423564123278814185982282179829752549591088968545118781515935018648914047
735641678873217823047759337263287126191226112870969290878915279327026412972892462967292973466724172968451793753392104384441791937300992084833727156059769673700678484157812186842870623900006870361837177358392486560120220500347968360423921
