3
3
5
5
7
11
13
31
41
61
151
331
709
1181
1321
2833
3541
4721
12037
13099
31153
37171
132751
157649
174877
179951
184081
677321
824821
941641
5397793
5521693
5794391
94789873
128818831
516266521
533194801
1824726041
3812358161
27989941729
104399276341
873791632531
2354488203481
3203431780337
4453762543897
452824604065751
20847858316750657
34747599647361961
112688376490130041
1898685496465999273
9213624084535989031
2756788662198217256191
4410975230650827973711
13958078871765695340080761
2995240087117909078735942093
9041801377211026170562298804509441444474688829821
635600403337332590211116118455562871039610986360032901
10038903777149910946126741017108754570611942191560591325431728188591011
6232539004067410123057806712387793375957891420741724919299969108564807333172002370431970081
34685790485740246824716440792348382055127879712328545535166847444199845117697592973437487413465343206165441
29293922760297928248078770598052610852712405023442274675016645233570497812348935888398085451640486701886767775742174681
199907054055500898511899517200588300238988985427041119928384784569153382689335850573799615270412434067111213208861123125776561509267892115221
