3
3
3
3
3
5
7
13
19
23
37
67
73
89
109
163
199
397
683
1783
2113
2377
2593
5347
7129
20857
22573
23761
42373
71119
87211
135433
153649
235621
246241
262657
279073
312709
599479
694387
2170477
3618757
4327489
8950393
97685839
106979941
120726937
168410989
272010961
4977454861
33057806959
155399494141
168518034037
352246478761
4712151755917
5292250152949
6215074747201
8463901912489
15975607282273
242099935645987
620617419930817
212140766502632881
41523259994275786297957
1409033313878253109224688819
12430037668834128259094186647
236552624101029630306294196057
14973866897175265228063698945547
272007548484389196113813589140615077929661
9055086119440404402246938172507702666506358169
170886618823141738081830950807292771648313599433
126076291066677670603478850918204428036903440615477
6928662288903202541743616296424480726192928874632124386803925489784398424051
1114507265608380019031925166208014446781336455104305104511871144338190224551633671128501
1086817232446618613237720782122794922971530651240374609752215882463228431204497961370149943052658009
162395453880679626976948802659318287464839269423776929238860749460670217598671007563737736550442141312167882823739728942052405438289
