3
3
5
7
13
13
47
53
79
139
157
277
313
599
1013
1249
1613
1657
2393
2731
3121
7177
8191
20333
21529
21841
30269
121369
178481
258337
956801
2796203
9341359
15595841
22366891
6542689297
10684568857
14718679249
19294368341
168749965921
5415624023749
10052678938039
70334392823809
834490119087067
6339840806910833
66354530124557299
13444476836590589479
31735484991529375057
51441563151591093599
260242449712509916159
8437649245385270023387
20825730982886584878330561061323409
393345821366273907459718331839045409
552173839617265152659704124779513957
22263485343435683412693923533443917032613157943146077977190561
23631648482124605019194916705352421056228717976627497383497516329
856943830966685211273335335435255797686223688061985308412431988536981945817276322177
6669670539654779983441998019920103074027704681144356972633287871568891230336172398269372427
403973125276101931911601056517879024878076164958176058359533393533010378152572793008930756940590513714209022469757513218613755218069204760611057834471149413
1537526783273536776150319235903170205959819485321159180650397325688028293946582263261957598097436550149727758914860073386697409601201694581574168811926672318471
