3
5
107
137
953
6361
26317
43691
69431
131071
15358129
20394401
105108859
586477649
11747392973
114684958103
28059810762433
1801439824104653
91102528862545665457
174044748410668549457
224201551150113268933
5033986097724889062887
368403130815413184139967252632854651007060293073099106298505059209116284782706073287767247628494933909444040933488275506294680986213188933524628199707498511644122557987236239877560566422307662862887793967801341
24803401197938095344729488923720776958854445910007112605116469737105196073594788673126100817862370896154790341813757123531166177419818716351024954871807993435500119544509526067790850037489065927577128429431630440416831
66638930686656337554438796831893522574724140408219246848836142017291202791747265002204058119058399432209648058076744623984429659259400931172606344044739055089466283952086766930385210706705492407344415225028705350084004841
408700356398764812601237334974980639379000283381186589778187571492028621897264309524828101183102618883752495379394723702019728943989113550271606041050812170320216117860758035050120710761263921767698572011739402595272310488357680778994772886809
