3
3
5
7
7
13
29
43
43
113
127
173
337
431
1033
1429
3613
4817
5419
9719
14449
17029
18061
46957
101653
490631
500177
514711
2099863
2789669
5757529
5956189
7243867
1591582393
44619686161
236344687097
1759217765581
2932031007403
15686603697451
96758771543686753
26007561155890556369
365505823711978039310711
461291203265457936024109
5951631966296685834686149
11053036065049294753459639
9467360568830697495500595457
378717376673487267097266291431316313
45757320478618895747604607889547060541
20336952491372732458100553842885784919705927999
1340323540048991459950036430548177848438612466385636277313
250496677636134194455624482113419891241717626649461375803326671768162580233
15971330269144846039246876225999124906492824909441141855981389550399714935349
95915385602149597826839137326022190431198188650322904136005341286842301713766347701
248258203320802307584780460569002456722800435743264517557770689550160532406962234177
2506321486314528092352155999323114076092619845896690021938437190408228542736515881788700058625478643849
176679585609523570738390485300032226574636113551764802696858679290493248637975181698375345266071339451988060044492896355388096556042081983225060241
