3
5
1823
29153
109321
830833
26129303
346637323
42514235518096149015446235113
201955048939840841121786425435009
89978339781600142665771163471628742033256933
1916488563293658474734971283197920626016404111748763973
474942339376967475871960321762614254290810243038880418971061342256529
3290917937084608427025399595078079547705413704279582949739728413840230442675105647517
87158393635550393052900908332239866856287588665981350754059632037928236443137839034995267441848732785163730233054420272986585133
18829964801924181281957009913199318035274614029374927905717857821620386936182672678786446465002351871735011602133717132288207703389
1799520676358263836249116773983093776067731788104797976755522863204273973214237799542669775253771301268617374756896653578445267522764696603459866460147715295527356171742430813085374395309929925098792998479072683867643648045147452807
20036217389373244862864196262187329665281723794204087126504401910962446906740420971632225005619234545143765484571787465453566822046032707843657710450847573608842023091477564503419913811228599412238447477486057688078872719911924371752128031286077715556919687537
