3
3
5
5
7
11
13
31
41
61
61
151
331
367
733
1321
1709
1831
2441
4271
7321
42701
55633
211061
270841
331841
358681
360511
1712881
3456749
5080081
19895761
183102481
289541381
3015049441
368140581013
602914116781
667055378149
4209508589941
12836737570021
69783494046481
288842216366491
484074637694471
1621474400951381
19125556519918081
525122181762140401
768614336404564651
2305843009213693951
2397096504835438921
31347559232075126851
4023816910949111979881
414194958733796530899181
37201708625305146303973352041
89135366684453039762936076301
95805951836468022966692945378791
8013930086014783164580302226587271
1772303994379887829769795077302561451
68207639734963563361372213456131836731
209286094074580318288344692937218868614221
364371848053973128400380293624417256758401
4661238510194037168171640348416494420579729021
247054336699552168887961800292921715571154497761
19120725947222519095879164245102731413110415053568518849342625278699572681
2042966318301153287973020504841858474796356713386502637438127027907217645931
4648135883815231579924026256866205956763664346547004174603204152388536492564561
1687592168078310668782039646695259436801470202927168400873165961628681559589088996971692114135501
