3
5
29
43
113
127
263
1049
5503
18341
55021
73361
106373
337457
4744297
269665073
642811237
2745098189
229268017217
810791440841
602481460214341
11142479091341921
12450751815271172041
308544695409769427309
57193908443040877545241
96578697208818436822981
161226249164751695652113
730039745374219638260113
182331128681207781784391813611
573472334735477809996357383167
37447027901314381254512721318017
639745584291728863751658159947413
10350794431055162386718619237468234569
3150916688576664143611069445209929619169
6274647569487659758609838486398097882441
183441131803022762130427722962952171341869050463
830994679927118905682507725258166370977410536910503701977
3478046165879067695203710627911462079943200494406205317275641443892081776123378537916366790804949191293
76861254158794718514872198517093375733241885011362756156091087198509600727650021673873324385692026665723738436821779570447192729549923030626803426330241451541169
9464727971815745188271955326128238833607247116671652845058400547561058460346128746441338368303469841642616857635706331378283509348197397135433247565121506048182724778318708870750328796923783631364002860246825038261418830302209395179139
