3
3
3
5
7
13
19
37
73
109
619
1237
2473
3709
7417
15451
41201
46351
2033839
17325013
89620507
520379897
539455909
2550183799
22229194879
61339736467
93097809073
312842300671
415141630193
2400744384937
98277023988499
395125276559977
401841732395629
68545852036177507
473000157711296729
8142767081771726171
1953272766780718501831
3976656429941438590393
11372732144384815780057
117070097457656623005977
4091102936121805539709429
1561132657829329085404515097
16549888083084083065824727273
46599659711047809652593889369
10017165502306460200391243108137
15697920117275073486338469567634384633
7521737478732572053581227840017636545169
6395375588121100883440814657083560825282870457413014051377
879740744632732726735603688644723834968599141530812429576685148083081214374014571985038046112889
248224208600891230638840397209907041348178075109876163768459663055209916421778767469609238164044706325366885940218654867062058537
69234240997836277462265090134251641108581451748219183854221131551632478764248062287590192242600310465604955943385883090590285493235675763
7303578636759704696429015047526565550875064103666109076342143949867471714519648387767462382686594684314890213399515348381259691151186454873
