3
3
3
3
5
5
7
7
11
13
19
29
31
37
41
43
61
71
73
109
113
127
151
181
211
271
281
331
337
379
421
541
631
757
811
1321
1429
2521
5419
7561
14449
15121
23311
29191
30241
49681
54001
69931
86171
87211
92737
106681
119827
122921
152041
246241
262657
279073
348031
457381
649657
664441
870031
983431
1560007
1564921
1711081
1765891
2143261
7416361
18837001
29247661
47392381
430839361
40388473189
77158673929
118750098349
127391413339
146919792181
49971617830801
56202143607667
165041853060421
385838642647891
1041815865690181
166242935471754241
43887888187572165151544641
207617485544258392970753527
17369459529909057773233442461
456376431053626339473533320957
29728307155963706810228435378401
304832756195865229284807891468769
535027074087349862035936711342201
124339521078546949914304521499392241
11247702599676505481447137991664348691
15169173997557864184867895400813639018421
53557082595126165043094157045628806518641
596526861195233662750200340726624395569101
4432174718656154579820150556638898270574244648997765405952796721
2670383929348266924341948931151336592642126516143095249535829086413119821
295845677311385927802340822188610962995309865090692754485103015102753461634318886568104825051
89371283318924988713544642472309024678004403189516730060412595564942724011446583991926781827601
