3
5
5
11
31
41
773
1931
3089
6563
30881
148997
1246781
2184761
13821503
35679139
37420771
204948631
1608921341
1871670769
86710817849281
232492081623941
3568553151401081
7455099975844049
8392710322562681
14402030644704405877
635283689603233836449
1280761337388845898643
44894058474254631045721
61654440233248340616559
14732265321145317331353282383
378791300027089635677652285973
5725218872819272688156683843001
5955623568140770033895876543735621
25564774360363212740382247547878573
33204775580652808331192547762225872772387856364639830983746266203935325902374656582399581
9351081605046474081492184924314028906377602981685978529642232969562513979208676146731032631511652976566348876881
116531208688190315950239081662949061722104881446511086726220869184079452213731818406465686914057083200945815697533248643558265654466326597096964943691657267532870367081
459709895269824331735672396802031849801372571568773911795384370599712829134749487439682536072440055724150706746160160935572856540609925426979936788766361822282686954831571255826921
176760618608026316894028012423322784285901728604611071832688818753291150395444534228003383438939661460544732136333713224782601024858894425326204040588199695296240220061297908834926990491
