3
3
5
5
5
7
11
13
13
31
41
53
61
79
101
131
151
157
251
313
331
521
601
1201
1249
1301
1321
1613
1801
1951
2341
2731
3121
3251
4051
7151
8101
8191
21841
51481
63901
100801
107251
121369
268501
409891
468781
500501
666901
5840251
7623851
10567201
13334701
22366891
34110701
45984901
723447661
1182468601
17812009801
24457095001
51879585551
1131816004801
1133836730401
7812610577851
108140989558681
145295143558111
8837728285481551
8925278993793241
9860942209386451
108792457407671701
386263879315103401
26155966684789722885001
571403921126076957182161
720453772427518446437641
1663763381192308635718252801
134304196845099262572814573351
667410374883859254051810171126401
1245660907214169781926561543788801
6778614929254022814753212468146501
89295869413431533471180244960220417186167213322759001
4613679391936953610429590532014122532260339739644049093601
136676778088193015037036862018432177034334500891572775415001
57341413334622705557475721108743226241034766870423031549494805066401
4294500770439625509689707482842762056791217143467781867769939979855730352201
711405036037732267350533892121494550225834045454210729376414828841113701120353853541919943831251174792396801
98823504264078329241616979462626752135966768626596246497175446282708352014970022557694476108993152802434269801847990431737550087217601
