3
5
5
11
31
41
797
250741
14369791
41735340671
114443156761
164504919713
76554648784441
2949578944598743237863911
23198204725672081034655436981
32308603398271777835967540631
36016148355139711248940080869144201
2099073106303095025303885460879717918033130293
4884164093883941177660049098586324302977543600799
1008116715344410461444141839610180239223178503751442552629
267823007376498379256993682056860433753700498963798805883563
51913169750493963694908106795607369470833233378003772874313441
3196157464997773612433721580590936118959325501324570526400274738986155572480635187898763713197906567258456681
234349214027399694673172319528427029920651203058546325498194438142489780880245746015966056942947990129891956291341
104004713758158600035311182213312327904176488578502499043611459097552735787578478180621737006571781199935237827937486688385041
2055381304234605333452282646930044372647690196418804788358322592747748588329237404925952936974379578721046603398421721469876123703712660894043225321319960951
37886445641362808375453703356370782938322490467704023638615054049618747021771108219918777378120751510514008100679734370122491021936614622856217234808210132589917070199191397773905329921976702371156305029591256010647998714735977748979682211
