3
3
5
7
13
8377
763613
131282633
2065299637
18063321433
24474001921
1779973928671
27547678215997
40562442707197
157661163902833
196342372356257
9617687207378317
11632293942370469
114835914561123841
34720396273212657799920861294559
71886806411385266818871175012413599350287882353789
18555393648630683868229284313709360336855095474246691696225599
502098685634155897289177493194939124676750877902497950209192655217041100557
19657681165969603557219187243003321749273455802601598904262946663319721006141051366816994929
2911655263127443408820648419025953647142046819917504655442619029163492980939432163976096966699987
66896698765448213521324984376509886004228325964295120994894490766034340579242578036357051829886756590059740051576400529
125549735804853902384261062489200445266447572638431545450286384783779986052651831442495320352242759401028475605979786429198559911028480626967778551361253310791726604841017
10400191193003085968030336184107034141247293883438834057871546088645816283797275858780133241175096197941123047906295788655507463029247276191854341083530119476217520574954072069188224343571370824015247
17910624501759205322273258675318602333448826006376960449513049974441938872073445095055331525503548409601960051873291117740218750718008764871932710266952368547307853030798135049715608476423878679557291
