3
3
3
3
3
5
7
13
13
19
37
53
73
79
109
157
163
313
937
1249
1613
2593
2731
3121
6553
7489
8191
9829
21061
21841
71119
86113
87211
121369
135433
246241
262657
279073
348661
446473
3618757
22366891
29121769
44207047
59012929
97685839
106979941
168410989
272010961
511421041
4977454861
7011385057
7830118297
1112388285061
10166476786129
21455171100793
150937180544593
520378545363301
571890896913727
93715008807883087
93961711110587347
370244405487013669
150832426800173710177
5302306226370307681801
24295813738965169951447
4247713303224552237738169
23640543396721742414157469
371434919794191620009861713658005494601
24841125429051585062538961751269988364169
657605388714787226759598226179270662456521
1786056393133579120301535471349560928117009051711813909085892347953
1278528509509603435498470176743434012397837215562555081951589185914267900990395524628032190090114799379848644118191324257
327368219638512750101342821944996848394940629413610551521450722127128326368389640602754909951068611480450612668276637699187808311908474623711743822675058213
1087462356189876289004689354796614348274006078814498030640327092526658434963230524957873956666997547232750552140796842174321721246657755700352130594440092712731927009
1222688431595222076535249841763207993162767266799369907694188267421813312899063400315194236020525233565968411452328361172303796011722674004017116406857372481940574827
