3
3
5
7
13
719
247711
585889
855857
5199757
8193817
778165529
3536450843
4133482921
13759551679
25742490619
61965231619
195352923041
1110671633637523
49093427230218193
65877330027880703
627341255004753577
194193974563158088483
28769571965458458648037
489719099073327823465690986241
198349540321842343265473158857156629
370906580744492785430299503112990447
100361196281293745682520861860411315001
5207508552346053101317241017360172335861058287027448345609857
513166304713999751217560795536588367248925043527782042775106649
3145185672054137784488534636638077540704689552753876876520635956733
166280639894862670940524451815128707653558621799392598954474349237113
24843695448407094969252570669010510786469798869419031052613796840255379694803092095182568900166132133339096713
588396322398993946602551002262771811630454550239765442251289994135863923618684318723896221594232220201844883420062738236866429833638943225235373471994985085121565019
57794867240135562276514461910198752045630734429190303431708126814589875444272820804695433466312735494619580819683485937816410564354319797528507638590881550264748791583259230266863502467485076893361751
168287022492142163375406364562172727179778151900546239490673495787954645402971356567735434772106003787694986515051903776511404602267457687540253476679147001662623380749885167276826329036431079719412259204982057
