3
5
229
457
1181
2243
2833
3541
8969
37171
157649
174763
174877
179951
524287
525313
5521693
341851193
1824726041
6088599401
104399276341
3203431780337
58142098448088409
12041422327407135159361
5152358624818762552412257
359071640268582342735956401
14614016452161183244796681977286357273
103748967001358742776179323703129248101069362018554302539881877265001198832272086360232894686310953373902739637426708554634552190464296328031328021302669949465214573769667726393113113765595602602691557204903980752865095659309895049
991716232711547904133208266569708476096585302268812437895620613523228047395807804509718682847405252750221797363530138523971792709065244957461042114855122348463195405527359163649619558388580575034963937578469172215768634979356964108698561163783822705921475217
1381231943674223341204516522979745157503586398052753362175135225100298684623667358633678557862478691758233281927288450439451892807441412107256082782413865962385186056087860707342720727550248826869708101384183570746032869437335876269533575776228634896760711815574041083722647178590761259822975967908298321453
10508537584872980049787749414505440238543661684506416445249892188329191267897669657242625405655025902294996965713681247700894953567276596965114308183649957469931262029470372188492494505614207827774171575432114297123003373257035070542940532411186322417809411123684246738342720455933424175399671044286557638075591
