3
3
5
5
7
7
11
11
13
23
29
31
41
43
61
67
71
89
113
127
151
211
281
331
337
397
421
463
617
661
683
881
1321
1429
2113
2311
2971
3191
3301
4621
5419
8317
8581
9241
14323
14449
18481
20857
29191
55441
78233
86171
106681
122921
152041
201961
312709
599479
664441
1564921
4327489
7416361
46491061
47392381
48912491
219980531
415365721
869467061
3019242689
6250631311
35532364099
146919792181
391249826881
407861310781
415878438361
494224324441
1971764055031
3630105520141
12127627350301
13379250952981
76096559910757
113571560808091
1041815865690181
2252127523412251
581283643249112959
3276541722830542321
1701142565107331378341
182307072098294717589401
1423566881825006865551221
2048568835297380486760231
2335928204292656509957961
996393112075334929736912485201
4362989211422861340320935785851
70180796165277040349245703851057
1276130308645500829341614664372811
4982397651178256151338302204762057
365212445341097287826412838353955921
3931002956111648245378728475226109181
2359740183446742670670667665744434142926705478881
928267859145048237228203439064060384235841167452667731
31055341681190444478126719755965134571151473925765532041
4647923585106906072935741230387999393228013184044935044086120461501
222334604655717914069161832950735944964766593936802794491393517657651
4123799501879742337097171753935219884236636973702835509033461793103634521
2244883018174950043372308660952315292910264673398597333789832481709862364081397001
260078892331205274324088366772886790199621606534384599607578416912079166019131912393708208277038936454393545946152508951
