3
3
5
5
7
11
13
31
41
61
151
317
331
1321
1423
2371
2687
5531
12641
49297
151681
647011
1415681
2678101
13664473
202029703
5435488351
16203007441
115150116391
310358259241
1113491139767
18859377449506801
21792652855138681
18890331057055511701
23728823512345609279
31357373417090093431
127697557396400084281
381364611866507317969
2228952318586839413441
201487636602438195784363
604462909806215075725313
1487840558911519281039078769
14276204995965973549353488548021
3655416608472669202278533979576601
13775694692898492184744709216599873
102324874202542014336622404530256814167701
2408840984250243046611173150925486103064449
230658857263260908581674881336118649784048916403796864221
1352510619929464965291568629153561409516644963774673880981509981
3868132159624916546905272573063237265865977199403213448652782202624081
209086520473378319758803015333608547221871242913009008051822576432523388981
1549947124742313956602636352657736025245229660818980496353711669466396289933045071001
5974760119995477393562282019890071327872652142389708103520767915096354565361018460482794401
696022747400360820711325317529861623616411465542384188120332053538994122947614312112245973478151888507360844217201
47033341043524476217057462384524309924269360489058003489046694415687644576407006664519499040938318231607734253389197842880246651163585290369738773389983211923401
1204121634254241457419078996024050770490184190631132630204978434891366126257548378365226094032171330236720004756431130892605864604117022245682702541222486432346847455601
