3
3
5
7
13
17
241
4643
15193
9878177
20699101
91185761
95110361
2399291551
5344743097
199061567251
2629065686029
17689153588009
18455044087121
60272956433838849161
60560850681938908875991
9970146666059203361408046051199
22481127512575175864234185190299
20884355027399074643422296325180908469
3593875704495823757388199894268773153439
3126092185651464401289035764906947922212259
60377696324322249075824028749967823864613982859609
178325724886188112393573476458482965256782477560753
6920400848110359047653995057624941367485834954585997077
9529808687165728591711663516941143639597873342901420501897104082445189
1154875410944026313240444067223964536168936371124342366313272376386677973122363537241
833133922512264080402167723600665670628391708609729547618954974696349866168680199439507308365995179215712997102668751529856709
75672902515399268696128566796695463720350092075302513359703023589825427037068091621607640327049899706934608011984151040362495361439401868485238628085835177790416805230009832714796994241379610513518716302077824044106682239032523266362187191761041
57097308714083756058593157546144123924191767305729215569488321182298375997905410557381535666714358683507652520284689779175966028946216670899419987149389938672809616033260971532703625815756002289009143934403531169643730739409959685574848438369693290427307038883651141108016811692139254380704971875596330389674232314963259017528874181923109099561580999313128180308901996944814092080935826528591929159770405487654041357025901062003353861493911975673380642835102946349235068775725299185533254469198367493648401
