3
3
3
5
5
7
11
13
17
17
19
31
37
41
61
73
103
109
137
151
181
241
307
331
409
433
613
631
919
953
1021
1321
1361
1531
2143
2857
3061
4421
6121
6529
8161
11119
12241
13669
16831
23311
26317
36721
38737
43691
51001
54001
61681
70381
106591
123931
131071
354689
550801
949111
2582029
3696481
4260133
12717361
15571321
18837001
23650061
29247661
40932193
318194713
965133181
1326700741
2949879781
4562284561
26159806891
168692292721
611787251461
1392971637361
1467129352609
2879347902817
15455023589221
27439122228481
253190737566001
418562986357561
737539985835313
2109936092650831
12458723489217613
171664686650370481
238495197879143209
469775495062434961
7226904352843746841
9520972806333758431
26831423036065352611
51366149455494753931
1230412270786066204321
8088220746627020943841
75582488424179347083438319
5702451577639775545838643151
4251553088834471719044481725601
630894905395143528221826310327361
33141833204828142196706150379164851
358689400191468213568189014966376501
24710462787135943791475548268920478656481
13854772173181680651901626546855984966582610663321
248874698438226985948262801677583907882912640924946896364438952961
112993216763723572293509811422126922278036735923954184346074567839714750801
27114441376001634978955573621759309290499573081114532534505305002578255791764403844101991735185701
39411625826240006195144917158397118808622717439663209922866994733025361415592657869325317153624161209612886683422721
59759045572704532151734514229676903701763064698110618010245423428627221235639899045664816790870237783305610352947361
2409724115404494827286220495589956719490433386718129246307340879766614099596764069319462057403289158066872442577677895069481188262037263465851544618816793500449547854226438488296334629850630746872267441710129445324388131334511589693571090435076713894336847616199900700693398447324422432779671673503233740865762449120707584011829831546762505665113917998888016777878642020191447256848917656223866473260572923075278111422969833166855436349535486605377347898233057281
